hour,t(sec),"P1 (kW)","Q1 (kvar)","P2 (kW)","Q2 (kvar)","P3 (kW)","Q3 (kvar)","P4 (kW)","Q4 (kvar)"
0, 60.00000, 0.605786, 0.25806, 0.605787, 0.258064, 0.605801, 0.258069, 0, 0
0, 120.00000, 0.605786, 0.258061, 0.605787, 0.258064, 0.6058, 0.258069, 0, 0
0, 180.00000, 0.605786, 0.258061, 0.605788, 0.258064, 0.605799, 0.258068, 0, 0
0, 240.00000, 0.605786, 0.258061, 0.605788, 0.258064, 0.605798, 0.258068, 0, 0
0, 300.00000, 0.605786, 0.258062, 0.605788, 0.258064, 0.605797, 0.258067, 0, 0
0, 360.00000, 0.605786, 0.258062, 0.605788, 0.258064, 0.605796, 0.258067, 0, 0
0, 420.00000, 0.605787, 0.258062, 0.605788, 0.258064, 0.605795, 0.258067, 0, 0
0, 480.00000, 0.605787, 0.258062, 0.605788, 0.258064, 0.605794, 0.258067, 0, 0
0, 540.00000, 0.605787, 0.258063, 0.605788, 0.258064, 0.605794, 0.258066, 0, 0
0, 600.00000, 0.605787, 0.258063, 0.605788, 0.258064, 0.605793, 0.258066, 0, 0
0, 660.00000, 0.605787, 0.258063, 0.605788, 0.258064, 0.605793, 0.258066, 0, 0
0, 720.00000, 0.605787, 0.258063, 0.605788, 0.258064, 0.605792, 0.258066, 0, 0
0, 780.00000, 0.605787, 0.258063, 0.605788, 0.258064, 0.605792, 0.258066, 0, 0
0, 840.00000, 0.605787, 0.258063, 0.605788, 0.258064, 0.605791, 0.258066, 0, 0
0, 900.00000, 0.605787, 0.258063, 0.605788, 0.258064, 0.605791, 0.258065, 0, 0
0, 960.00000, 0.640845, 0.272998, 0.640845, 0.272999, 0.640848, 0.273, 0, 0
0, 1020.00000, 0.640845, 0.272998, 0.640845, 0.272999, 0.640848, 0.273, 0, 0
0, 1080.00000, 0.640845, 0.272998, 0.640845, 0.272999, 0.640848, 0.273, 0, 0
0, 1140.00000, 0.640845, 0.272998, 0.640845, 0.272999, 0.640847, 0.273, 0, 0
0, 1200.00000, 0.640845, 0.272998, 0.640845, 0.272999, 0.640847, 0.273, 0, 0
0, 1260.00000, 0.640845, 0.272998, 0.640845, 0.272999, 0.640847, 0.272999, 0, 0
0, 1320.00000, 0.640845, 0.272998, 0.640845, 0.272999, 0.640847, 0.272999, 0, 0
0, 1380.00000, 0.640845, 0.272998, 0.640845, 0.272999, 0.640847, 0.272999, 0, 0
0, 1440.00000, 0.640845, 0.272999, 0.640845, 0.272999, 0.640847, 0.272999, 0, 0
0, 1500.00000, 0.640845, 0.272999, 0.640845, 0.272999, 0.640846, 0.272999, 0, 0
0, 1560.00000, 0.640845, 0.272999, 0.640845, 0.272999, 0.640846, 0.272999, 0, 0
0, 1620.00000, 0.640845, 0.272999, 0.640845, 0.272999, 0.640846, 0.272999, 0, 0
0, 1680.00000, 0.640845, 0.272999, 0.640845, 0.272999, 0.640846, 0.272999, 0, 0
0, 1740.00000, 0.640845, 0.272999, 0.640845, 0.272999, 0.640846, 0.272999, 0, 0
0, 1800.00000, 0.640845, 0.272999, 0.640845, 0.272999, 0.640846, 0.272999, 0, 0
0, 1860.00000, 0.642791, 0.273828, 0.642792, 0.273828, 0.642792, 0.273828, 0, 0
0, 1920.00000, 0.642791, 0.273828, 0.642792, 0.273828, 0.642792, 0.273828, 0, 0
0, 1980.00000, 0.642791, 0.273828, 0.642792, 0.273828, 0.642792, 0.273828, 0, 0
0, 2040.00000, 0.642791, 0.273828, 0.642792, 0.273828, 0.642792, 0.273828, 0, 0
0, 2100.00000, 0.642791, 0.273828, 0.642792, 0.273828, 0.642792, 0.273828, 0, 0
0, 2160.00000, 0.642791, 0.273828, 0.642792, 0.273828, 0.642792, 0.273828, 0, 0
0, 2220.00000, 0.642791, 0.273828, 0.642792, 0.273828, 0.642792, 0.273828, 0, 0
0, 2280.00000, 0.642791, 0.273828, 0.642792, 0.273828, 0.642792, 0.273828, 0, 0
0, 2340.00000, 0.642792, 0.273828, 0.642792, 0.273828, 0.642792, 0.273828, 0, 0
0, 2400.00000, 0.642792, 0.273828, 0.642792, 0.273828, 0.642792, 0.273828, 0, 0
0, 2460.00000, 0.642792, 0.273828, 0.642792, 0.273828, 0.642792, 0.273828, 0, 0
0, 2520.00000, 0.642792, 0.273828, 0.642792, 0.273828, 0.642792, 0.273828, 0, 0
0, 2580.00000, 0.642792, 0.273828, 0.642792, 0.273828, 0.642792, 0.273828, 0, 0
0, 2640.00000, 0.642792, 0.273828, 0.642792, 0.273828, 0.642792, 0.273828, 0, 0
0, 2700.00000, 0.642792, 0.273828, 0.642792, 0.273828, 0.642792, 0.273828, 0, 0
0, 2760.00000, 0.611387, 0.26045, 0.611387, 0.26045, 0.611387, 0.26045, 0, 0
0, 2820.00000, 0.611387, 0.26045, 0.611387, 0.26045, 0.611387, 0.26045, 0, 0
0, 2880.00000, 0.611387, 0.26045, 0.611387, 0.26045, 0.611387, 0.26045, 0, 0
0, 2940.00000, 0.611387, 0.26045, 0.611387, 0.26045, 0.611387, 0.26045, 0, 0
0, 3000.00000, 0.611387, 0.26045, 0.611387, 0.26045, 0.611387, 0.26045, 0, 0
0, 3060.00000, 0.611387, 0.26045, 0.611387, 0.26045, 0.611387, 0.26045, 0, 0
0, 3120.00000, 0.611387, 0.26045, 0.611387, 0.26045, 0.611387, 0.26045, 0, 0
0, 3180.00000, 0.611387, 0.26045, 0.611387, 0.26045, 0.611387, 0.26045, 0, 0
0, 3240.00000, 0.611387, 0.26045, 0.611387, 0.26045, 0.611387, 0.26045, 0, 0
0, 3300.00000, 0.611387, 0.26045, 0.611387, 0.26045, 0.611387, 0.26045, 0, 0
0, 3360.00000, 0.611387, 0.26045, 0.611387, 0.26045, 0.611387, 0.26045, 0, 0
0, 3420.00000, 0.611387, 0.26045, 0.611387, 0.26045, 0.611387, 0.26045, 0, 0
0, 3480.00000, 0.611387, 0.26045, 0.611387, 0.26045, 0.611387, 0.26045, 0, 0
0, 3540.00000, 0.611387, 0.26045, 0.611387, 0.26045, 0.611387, 0.26045, 0, 0
1, 0.00000, 0.611387, 0.26045, 0.611387, 0.26045, 0.611387, 0.26045, 0, 0
1, 60.00000, 0.60424, 0.257405, 0.60424, 0.257405, 0.60424, 0.257405, 0, 0
1, 120.00000, 0.60424, 0.257405, 0.60424, 0.257405, 0.60424, 0.257405, 0, 0
1, 180.00000, 0.60424, 0.257405, 0.60424, 0.257405, 0.60424, 0.257405, 0, 0
1, 240.00000, 0.60424, 0.257405, 0.60424, 0.257405, 0.60424, 0.257405, 0, 0
1, 300.00000, 0.60424, 0.257405, 0.60424, 0.257405, 0.60424, 0.257405, 0, 0
1, 360.00000, 0.60424, 0.257405, 0.60424, 0.257405, 0.60424, 0.257405, 0, 0
1, 420.00000, 0.60424, 0.257405, 0.60424, 0.257405, 0.60424, 0.257405, 0, 0
1, 480.00000, 0.60424, 0.257405, 0.60424, 0.257405, 0.60424, 0.257405, 0, 0
1, 540.00000, 0.60424, 0.257405, 0.60424, 0.257405, 0.60424, 0.257405, 0, 0
1, 600.00000, 0.60424, 0.257405, 0.60424, 0.257405, 0.60424, 0.257405, 0, 0
1, 660.00000, 0.60424, 0.257405, 0.60424, 0.257405, 0.60424, 0.257405, 0, 0
1, 720.00000, 0.60424, 0.257405, 0.60424, 0.257405, 0.60424, 0.257405, 0, 0
1, 780.00000, 0.60424, 0.257405, 0.60424, 0.257405, 0.60424, 0.257405, 0, 0
1, 840.00000, 0.60424, 0.257405, 0.60424, 0.257405, 0.60424, 0.257405, 0, 0
1, 900.00000, 0.60424, 0.257405, 0.60424, 0.257405, 0.60424, 0.257405, 0, 0
1, 960.00000, 0.601412, 0.2562, 0.601412, 0.2562, 0.601412, 0.2562, 0, 0
1, 1020.00000, 0.601412, 0.2562, 0.601412, 0.2562, 0.601412, 0.2562, 0, 0
1, 1080.00000, 0.601412, 0.2562, 0.601412, 0.2562, 0.601412, 0.2562, 0, 0
1, 1140.00000, 0.601412, 0.2562, 0.601412, 0.2562, 0.601412, 0.2562, 0, 0
1, 1200.00000, 0.601412, 0.2562, 0.601412, 0.2562, 0.601412, 0.2562, 0, 0
1, 1260.00000, 0.601412, 0.2562, 0.601412, 0.2562, 0.601412, 0.2562, 0, 0
1, 1320.00000, 0.601412, 0.2562, 0.601412, 0.2562, 0.601412, 0.2562, 0, 0
1, 1380.00000, 0.601412, 0.2562, 0.601412, 0.2562, 0.601412, 0.2562, 0, 0
1, 1440.00000, 0.601412, 0.2562, 0.601412, 0.2562, 0.601412, 0.2562, 0, 0
1, 1500.00000, 0.601412, 0.2562, 0.601412, 0.2562, 0.601412, 0.2562, 0, 0
1, 1560.00000, 0.601412, 0.2562, 0.601412, 0.2562, 0.601412, 0.2562, 0, 0
1, 1620.00000, 0.601412, 0.2562, 0.601412, 0.2562, 0.601412, 0.2562, 0, 0
1, 1680.00000, 0.601412, 0.2562, 0.601412, 0.2562, 0.601412, 0.2562, 0, 0
1, 1740.00000, 0.601412, 0.2562, 0.601412, 0.2562, 0.601412, 0.2562, 0, 0
1, 1800.00000, 0.601412, 0.2562, 0.601412, 0.2562, 0.601412, 0.2562, 0, 0
1, 1860.00000, 0.615916, 0.262379, 0.615916, 0.262379, 0.615916, 0.262379, 0, 0
1, 1920.00000, 0.615916, 0.262379, 0.615916, 0.262379, 0.615916, 0.262379, 0, 0
1, 1980.00000, 0.615916, 0.262379, 0.615916, 0.262379, 0.615916, 0.262379, 0, 0
1, 2040.00000, 0.615916, 0.262379, 0.615916, 0.262379, 0.615916, 0.262379, 0, 0
1, 2100.00000, 0.615916, 0.262379, 0.615916, 0.262379, 0.615916, 0.262379, 0, 0
1, 2160.00000, 0.615916, 0.262379, 0.615916, 0.262379, 0.615916, 0.262379, 0, 0
1, 2220.00000, 0.615916, 0.262379, 0.615916, 0.262379, 0.615916, 0.262379, 0, 0
1, 2280.00000, 0.615916, 0.262379, 0.615916, 0.262379, 0.615916, 0.262379, 0, 0
1, 2340.00000, 0.615916, 0.262379, 0.615916, 0.262379, 0.615916, 0.262379, 0, 0
1, 2400.00000, 0.615916, 0.262379, 0.615916, 0.262379, 0.615916, 0.262379, 0, 0
1, 2460.00000, 0.615916, 0.262379, 0.615916, 0.262379, 0.615916, 0.262379, 0, 0
1, 2520.00000, 0.615916, 0.262379, 0.615916, 0.262379, 0.615916, 0.262379, 0, 0
1, 2580.00000, 0.615916, 0.262379, 0.615916, 0.262379, 0.615916, 0.262379, 0, 0
1, 2640.00000, 0.615916, 0.262379, 0.615916, 0.262379, 0.615916, 0.262379, 0, 0
1, 2700.00000, 0.615916, 0.262379, 0.615916, 0.262379, 0.615916, 0.262379, 0, 0
1, 2760.00000, 0.580379, 0.247241, 0.580379, 0.247241, 0.58038, 0.247241, 0, 0
1, 2820.00000, 0.580379, 0.247241, 0.580379, 0.247241, 0.580379, 0.247241, 0, 0
1, 2880.00000, 0.580379, 0.247241, 0.580379, 0.247241, 0.580379, 0.247241, 0, 0
1, 2940.00000, 0.580379, 0.247241, 0.580379, 0.247241, 0.580379, 0.247241, 0, 0
1, 3000.00000, 0.580379, 0.247241, 0.580379, 0.247241, 0.580379, 0.247241, 0, 0
1, 3060.00000, 0.580379, 0.247241, 0.580379, 0.247241, 0.580379, 0.247241, 0, 0
1, 3120.00000, 0.580379, 0.247241, 0.580379, 0.247241, 0.580379, 0.247241, 0, 0
1, 3180.00000, 0.580379, 0.247241, 0.580379, 0.247241, 0.580379, 0.247241, 0, 0
1, 3240.00000, 0.580379, 0.247241, 0.580379, 0.247241, 0.580379, 0.247241, 0, 0
1, 3300.00000, 0.580379, 0.247241, 0.580379, 0.247241, 0.580379, 0.247241, 0, 0
1, 3360.00000, 0.580379, 0.247241, 0.580379, 0.247241, 0.580379, 0.247241, 0, 0
1, 3420.00000, 0.580379, 0.247241, 0.580379, 0.247241, 0.580379, 0.247241, 0, 0
1, 3480.00000, 0.580379, 0.247241, 0.580379, 0.247241, 0.580379, 0.247241, 0, 0
1, 3540.00000, 0.580379, 0.247241, 0.580379, 0.247241, 0.580379, 0.247241, 0, 0
2, 0.00000, 0.580379, 0.247241, 0.580379, 0.247241, 0.580379, 0.247241, 0, 0
2, 60.00000, 0.595954, 0.253875, 0.595954, 0.253875, 0.595954, 0.253875, 0, 0
2, 120.00000, 0.595954, 0.253875, 0.595954, 0.253875, 0.595954, 0.253875, 0, 0
2, 180.00000, 0.595954, 0.253875, 0.595954, 0.253875, 0.595954, 0.253875, 0, 0
2, 240.00000, 0.595954, 0.253875, 0.595954, 0.253875, 0.595954, 0.253875, 0, 0
2, 300.00000, 0.595954, 0.253875, 0.595954, 0.253875, 0.595954, 0.253875, 0, 0
2, 360.00000, 0.595954, 0.253875, 0.595954, 0.253875, 0.595954, 0.253875, 0, 0
2, 420.00000, 0.595954, 0.253875, 0.595954, 0.253875, 0.595954, 0.253875, 0, 0
2, 480.00000, 0.595954, 0.253875, 0.595954, 0.253875, 0.595954, 0.253875, 0, 0
2, 540.00000, 0.595954, 0.253875, 0.595954, 0.253875, 0.595954, 0.253875, 0, 0
2, 600.00000, 0.595954, 0.253875, 0.595954, 0.253875, 0.595954, 0.253875, 0, 0
2, 660.00000, 0.595954, 0.253875, 0.595954, 0.253875, 0.595954, 0.253875, 0, 0
2, 720.00000, 0.595954, 0.253875, 0.595954, 0.253875, 0.595954, 0.253875, 0, 0
2, 780.00000, 0.595954, 0.253875, 0.595954, 0.253875, 0.595954, 0.253875, 0, 0
2, 840.00000, 0.595954, 0.253875, 0.595954, 0.253875, 0.595954, 0.253875, 0, 0
2, 900.00000, 0.595954, 0.253875, 0.595954, 0.253875, 0.595954, 0.253875, 0, 0
2, 960.00000, 0.56467, 0.240548, 0.56467, 0.240548, 0.56467, 0.240549, 0, 0
2, 1020.00000, 0.56467, 0.240548, 0.56467, 0.240548, 0.56467, 0.240548, 0, 0
2, 1080.00000, 0.56467, 0.240548, 0.56467, 0.240548, 0.56467, 0.240548, 0, 0
2, 1140.00000, 0.56467, 0.240548, 0.56467, 0.240548, 0.56467, 0.240548, 0, 0
2, 1200.00000, 0.56467, 0.240548, 0.56467, 0.240548, 0.56467, 0.240548, 0, 0
2, 1260.00000, 0.56467, 0.240548, 0.56467, 0.240548, 0.56467, 0.240548, 0, 0
2, 1320.00000, 0.56467, 0.240548, 0.56467, 0.240548, 0.56467, 0.240548, 0, 0
2, 1380.00000, 0.56467, 0.240548, 0.56467, 0.240548, 0.56467, 0.240548, 0, 0
2, 1440.00000, 0.56467, 0.240548, 0.56467, 0.240548, 0.56467, 0.240548, 0, 0
2, 1500.00000, 0.56467, 0.240548, 0.56467, 0.240548, 0.56467, 0.240548, 0, 0
2, 1560.00000, 0.56467, 0.240548, 0.56467, 0.240548, 0.56467, 0.240548, 0, 0
2, 1620.00000, 0.56467, 0.240548, 0.56467, 0.240548, 0.56467, 0.240548, 0, 0
2, 1680.00000, 0.56467, 0.240548, 0.56467, 0.240548, 0.56467, 0.240548, 0, 0
2, 1740.00000, 0.56467, 0.240548, 0.56467, 0.240548, 0.56467, 0.240548, 0, 0
2, 1800.00000, 0.56467, 0.240548, 0.56467, 0.240548, 0.56467, 0.240548, 0, 0
2, 1860.00000, 0.564362, 0.240417, 0.564361, 0.240417, 0.564361, 0.240417, 0, 0
2, 1920.00000, 0.564361, 0.240417, 0.564361, 0.240417, 0.564361, 0.240417, 0, 0
2, 1980.00000, 0.564361, 0.240417, 0.564361, 0.240417, 0.564361, 0.240417, 0, 0
2, 2040.00000, 0.564361, 0.240417, 0.564361, 0.240417, 0.564361, 0.240417, 0, 0
2, 2100.00000, 0.564361, 0.240417, 0.564361, 0.240417, 0.564361, 0.240417, 0, 0
2, 2160.00000, 0.564361, 0.240417, 0.564361, 0.240417, 0.564361, 0.240417, 0, 0
2, 2220.00000, 0.564361, 0.240417, 0.564361, 0.240417, 0.564361, 0.240417, 0, 0
2, 2280.00000, 0.564361, 0.240417, 0.564361, 0.240417, 0.564361, 0.240417, 0, 0
2, 2340.00000, 0.564361, 0.240417, 0.564361, 0.240417, 0.564361, 0.240417, 0, 0
2, 2400.00000, 0.564361, 0.240417, 0.564361, 0.240417, 0.564361, 0.240417, 0, 0
2, 2460.00000, 0.564361, 0.240417, 0.564361, 0.240417, 0.564361, 0.240417, 0, 0
2, 2520.00000, 0.564361, 0.240417, 0.564361, 0.240417, 0.564361, 0.240417, 0, 0
2, 2580.00000, 0.564361, 0.240417, 0.564361, 0.240417, 0.564361, 0.240417, 0, 0
2, 2640.00000, 0.564361, 0.240417, 0.564361, 0.240417, 0.564361, 0.240417, 0, 0
2, 2700.00000, 0.564361, 0.240417, 0.564361, 0.240417, 0.564361, 0.240417, 0, 0
2, 2760.00000, 0.539959, 0.230021, 0.539959, 0.230021, 0.539959, 0.230022, 0, 0
2, 2820.00000, 0.539959, 0.230021, 0.539959, 0.230021, 0.539959, 0.230021, 0, 0
2, 2880.00000, 0.539959, 0.230021, 0.539959, 0.230021, 0.539959, 0.230021, 0, 0
2, 2940.00000, 0.539959, 0.230021, 0.539959, 0.230021, 0.539959, 0.230021, 0, 0
2, 3000.00000, 0.539959, 0.230021, 0.539959, 0.230021, 0.539959, 0.230021, 0, 0
2, 3060.00000, 0.539959, 0.230021, 0.539959, 0.230021, 0.539959, 0.230021, 0, 0
2, 3120.00000, 0.539959, 0.230021, 0.539959, 0.230021, 0.539959, 0.230021, 0, 0
2, 3180.00000, 0.539959, 0.230021, 0.539959, 0.230021, 0.539959, 0.230021, 0, 0
2, 3240.00000, 0.539959, 0.230021, 0.539959, 0.230021, 0.539959, 0.230021, 0, 0
2, 3300.00000, 0.539959, 0.230021, 0.539959, 0.230021, 0.539959, 0.230021, 0, 0
2, 3360.00000, 0.539959, 0.230021, 0.539959, 0.230021, 0.539959, 0.230021, 0, 0
2, 3420.00000, 0.539959, 0.230021, 0.539959, 0.230021, 0.539959, 0.230021, 0, 0
2, 3480.00000, 0.539959, 0.230021, 0.539959, 0.230021, 0.539959, 0.230021, 0, 0
2, 3540.00000, 0.539959, 0.230021, 0.539959, 0.230021, 0.539959, 0.230021, 0, 0
3, 0.00000, 0.539959, 0.230021, 0.539959, 0.230021, 0.539959, 0.230021, 0, 0
3, 60.00000, 0.553689, 0.23587, 0.553689, 0.23587, 0.553689, 0.23587, 0, 0
3, 120.00000, 0.553689, 0.23587, 0.553689, 0.23587, 0.553689, 0.23587, 0, 0
3, 180.00000, 0.553689, 0.23587, 0.553689, 0.23587, 0.553689, 0.23587, 0, 0
3, 240.00000, 0.553689, 0.23587, 0.553689, 0.23587, 0.553689, 0.23587, 0, 0
3, 300.00000, 0.553689, 0.23587, 0.553689, 0.23587, 0.553689, 0.23587, 0, 0
3, 360.00000, 0.553689, 0.23587, 0.553689, 0.23587, 0.553689, 0.23587, 0, 0
3, 420.00000, 0.553689, 0.23587, 0.553689, 0.23587, 0.553689, 0.23587, 0, 0
3, 480.00000, 0.553689, 0.23587, 0.553689, 0.23587, 0.553689, 0.23587, 0, 0
3, 540.00000, 0.553689, 0.23587, 0.553689, 0.23587, 0.553689, 0.23587, 0, 0
3, 600.00000, 0.553689, 0.23587, 0.553689, 0.23587, 0.553689, 0.23587, 0, 0
3, 660.00000, 0.553689, 0.23587, 0.553689, 0.23587, 0.553689, 0.23587, 0, 0
3, 720.00000, 0.553689, 0.23587, 0.553689, 0.23587, 0.553689, 0.23587, 0, 0
3, 780.00000, 0.553689, 0.23587, 0.553689, 0.23587, 0.553689, 0.23587, 0, 0
3, 840.00000, 0.553689, 0.23587, 0.553689, 0.23587, 0.553689, 0.23587, 0, 0
3, 900.00000, 0.553689, 0.23587, 0.553689, 0.23587, 0.553689, 0.23587, 0, 0
3, 960.00000, 0.568902, 0.242351, 0.568902, 0.242351, 0.568902, 0.242351, 0, 0
3, 1020.00000, 0.568902, 0.242351, 0.568902, 0.242351, 0.568902, 0.242351, 0, 0
3, 1080.00000, 0.568902, 0.242351, 0.568902, 0.242351, 0.568902, 0.242351, 0, 0
3, 1140.00000, 0.568902, 0.242351, 0.568902, 0.242351, 0.568902, 0.242351, 0, 0
3, 1200.00000, 0.568902, 0.242351, 0.568902, 0.242351, 0.568902, 0.242351, 0, 0
3, 1260.00000, 0.568902, 0.242351, 0.568902, 0.242351, 0.568902, 0.242351, 0, 0
3, 1320.00000, 0.568902, 0.242351, 0.568902, 0.242351, 0.568902, 0.242351, 0, 0
3, 1380.00000, 0.568902, 0.242351, 0.568902, 0.242351, 0.568902, 0.242351, 0, 0
3, 1440.00000, 0.568902, 0.242351, 0.568902, 0.242351, 0.568902, 0.242351, 0, 0
3, 1500.00000, 0.568902, 0.242351, 0.568902, 0.242351, 0.568902, 0.242351, 0, 0
3, 1560.00000, 0.568902, 0.242351, 0.568902, 0.242351, 0.568902, 0.242351, 0, 0
3, 1620.00000, 0.568902, 0.242351, 0.568902, 0.242351, 0.568902, 0.242351, 0, 0
3, 1680.00000, 0.568902, 0.242351, 0.568902, 0.242351, 0.568902, 0.242351, 0, 0
3, 1740.00000, 0.568902, 0.242351, 0.568902, 0.242351, 0.568902, 0.242351, 0, 0
3, 1800.00000, 0.568902, 0.242351, 0.568902, 0.242351, 0.568902, 0.242351, 0, 0
3, 1860.00000, 0.575859, 0.245315, 0.575858, 0.245315, 0.575859, 0.245315, 0, 0
3, 1920.00000, 0.575858, 0.245315, 0.575858, 0.245315, 0.575858, 0.245315, 0, 0
3, 1980.00000, 0.575858, 0.245315, 0.575858, 0.245315, 0.575858, 0.245315, 0, 0
3, 2040.00000, 0.575858, 0.245315, 0.575858, 0.245315, 0.575858, 0.245315, 0, 0
3, 2100.00000, 0.575858, 0.245315, 0.575858, 0.245315, 0.575858, 0.245315, 0, 0
3, 2160.00000, 0.575858, 0.245315, 0.575858, 0.245315, 0.575858, 0.245315, 0, 0
3, 2220.00000, 0.575858, 0.245315, 0.575858, 0.245315, 0.575858, 0.245315, 0, 0
3, 2280.00000, 0.575858, 0.245315, 0.575858, 0.245315, 0.575858, 0.245315, 0, 0
3, 2340.00000, 0.575858, 0.245315, 0.575858, 0.245315, 0.575858, 0.245315, 0, 0
3, 2400.00000, 0.575858, 0.245315, 0.575858, 0.245315, 0.575858, 0.245315, 0, 0
3, 2460.00000, 0.575858, 0.245315, 0.575858, 0.245315, 0.575858, 0.245315, 0, 0
3, 2520.00000, 0.575858, 0.245315, 0.575858, 0.245315, 0.575858, 0.245315, 0, 0
3, 2580.00000, 0.575858, 0.245315, 0.575858, 0.245315, 0.575858, 0.245315, 0, 0
3, 2640.00000, 0.575858, 0.245315, 0.575858, 0.245315, 0.575858, 0.245315, 0, 0
3, 2700.00000, 0.575858, 0.245315, 0.575858, 0.245315, 0.575858, 0.245315, 0, 0
3, 2760.00000, 0.526954, 0.224481, 0.526954, 0.224481, 0.526954, 0.224481, 0, 0
3, 2820.00000, 0.526954, 0.224481, 0.526954, 0.224481, 0.526954, 0.224481, 0, 0
3, 2880.00000, 0.526954, 0.224481, 0.526954, 0.224481, 0.526954, 0.224481, 0, 0
3, 2940.00000, 0.526954, 0.224481, 0.526954, 0.224481, 0.526954, 0.224481, 0, 0
3, 3000.00000, 0.526954, 0.224481, 0.526954, 0.224481, 0.526954, 0.224481, 0, 0
3, 3060.00000, 0.526954, 0.224481, 0.526954, 0.224481, 0.526954, 0.224481, 0, 0
3, 3120.00000, 0.526954, 0.224481, 0.526954, 0.224481, 0.526954, 0.224481, 0, 0
3, 3180.00000, 0.526954, 0.224481, 0.526954, 0.224481, 0.526954, 0.224481, 0, 0
3, 3240.00000, 0.526954, 0.224481, 0.526954, 0.224481, 0.526954, 0.224481, 0, 0
3, 3300.00000, 0.526954, 0.224481, 0.526954, 0.224481, 0.526954, 0.224481, 0, 0
3, 3360.00000, 0.526954, 0.224481, 0.526954, 0.224481, 0.526954, 0.224481, 0, 0
3, 3420.00000, 0.526954, 0.224481, 0.526954, 0.224481, 0.526954, 0.224481, 0, 0
3, 3480.00000, 0.526954, 0.224481, 0.526954, 0.224481, 0.526954, 0.224481, 0, 0
3, 3540.00000, 0.526954, 0.224481, 0.526954, 0.224481, 0.526954, 0.224481, 0, 0
4, 0.00000, 0.526954, 0.224481, 0.526954, 0.224481, 0.526954, 0.224481, 0, 0
4, 60.00000, 0.563719, 0.240143, 0.563719, 0.240143, 0.563719, 0.240143, 0, 0
4, 120.00000, 0.563719, 0.240143, 0.563719, 0.240143, 0.563719, 0.240143, 0, 0
4, 180.00000, 0.563719, 0.240143, 0.563719, 0.240143, 0.563719, 0.240143, 0, 0
4, 240.00000, 0.563719, 0.240143, 0.563719, 0.240143, 0.563719, 0.240143, 0, 0
4, 300.00000, 0.563719, 0.240143, 0.563719, 0.240143, 0.563719, 0.240143, 0, 0
4, 360.00000, 0.563719, 0.240143, 0.563719, 0.240143, 0.563719, 0.240143, 0, 0
4, 420.00000, 0.563719, 0.240143, 0.563719, 0.240143, 0.563719, 0.240143, 0, 0
4, 480.00000, 0.563719, 0.240143, 0.563719, 0.240143, 0.563719, 0.240143, 0, 0
4, 540.00000, 0.563719, 0.240143, 0.563719, 0.240143, 0.563719, 0.240143, 0, 0
4, 600.00000, 0.563719, 0.240143, 0.563719, 0.240143, 0.563719, 0.240143, 0, 0
4, 660.00000, 0.563719, 0.240143, 0.563719, 0.240143, 0.563719, 0.240143, 0, 0
4, 720.00000, 0.563719, 0.240143, 0.563719, 0.240143, 0.563719, 0.240143, 0, 0
4, 780.00000, 0.563719, 0.240143, 0.563719, 0.240143, 0.563719, 0.240143, 0, 0
4, 840.00000, 0.563719, 0.240143, 0.563719, 0.240143, 0.563719, 0.240143, 0, 0
4, 900.00000, 0.563719, 0.240143, 0.563719, 0.240143, 0.563719, 0.240143, 0, 0
4, 960.00000, 0.521486, 0.222152, 0.521486, 0.222152, 0.521486, 0.222152, 0, 0
4, 1020.00000, 0.521486, 0.222152, 0.521486, 0.222152, 0.521486, 0.222152, 0, 0
4, 1080.00000, 0.521486, 0.222152, 0.521486, 0.222152, 0.521486, 0.222152, 0, 0
4, 1140.00000, 0.521486, 0.222152, 0.521486, 0.222152, 0.521486, 0.222152, 0, 0
4, 1200.00000, 0.521486, 0.222152, 0.521486, 0.222152, 0.521486, 0.222152, 0, 0
4, 1260.00000, 0.521486, 0.222152, 0.521486, 0.222152, 0.521486, 0.222152, 0, 0
4, 1320.00000, 0.521486, 0.222152, 0.521486, 0.222152, 0.521486, 0.222152, 0, 0
4, 1380.00000, 0.521486, 0.222152, 0.521486, 0.222152, 0.521486, 0.222152, 0, 0
4, 1440.00000, 0.521486, 0.222152, 0.521486, 0.222152, 0.521486, 0.222152, 0, 0
4, 1500.00000, 0.521486, 0.222152, 0.521486, 0.222152, 0.521486, 0.222152, 0, 0
4, 1560.00000, 0.521486, 0.222152, 0.521486, 0.222152, 0.521486, 0.222152, 0, 0
4, 1620.00000, 0.521486, 0.222152, 0.521486, 0.222152, 0.521486, 0.222152, 0, 0
4, 1680.00000, 0.521486, 0.222152, 0.521486, 0.222152, 0.521486, 0.222152, 0, 0
4, 1740.00000, 0.521486, 0.222152, 0.521486, 0.222152, 0.521486, 0.222152, 0, 0
4, 1800.00000, 0.521486, 0.222152, 0.521486, 0.222152, 0.521486, 0.222152, 0, 0
4, 1860.00000, 0.5211, 0.221988, 0.5211, 0.221988, 0.5211, 0.221988, 0, 0
4, 1920.00000, 0.5211, 0.221988, 0.5211, 0.221988, 0.5211, 0.221988, 0, 0
4, 1980.00000, 0.5211, 0.221988, 0.5211, 0.221988, 0.5211, 0.221988, 0, 0
4, 2040.00000, 0.5211, 0.221988, 0.5211, 0.221988, 0.5211, 0.221988, 0, 0
4, 2100.00000, 0.5211, 0.221988, 0.5211, 0.221988, 0.5211, 0.221988, 0, 0
4, 2160.00000, 0.5211, 0.221988, 0.5211, 0.221988, 0.5211, 0.221988, 0, 0
4, 2220.00000, 0.5211, 0.221988, 0.5211, 0.221988, 0.5211, 0.221988, 0, 0
4, 2280.00000, 0.5211, 0.221988, 0.5211, 0.221988, 0.5211, 0.221988, 0, 0
4, 2340.00000, 0.5211, 0.221988, 0.5211, 0.221988, 0.5211, 0.221988, 0, 0
4, 2400.00000, 0.5211, 0.221988, 0.5211, 0.221988, 0.5211, 0.221988, 0, 0
4, 2460.00000, 0.5211, 0.221988, 0.5211, 0.221988, 0.5211, 0.221988, 0, 0
4, 2520.00000, 0.5211, 0.221988, 0.5211, 0.221988, 0.5211, 0.221988, 0, 0
4, 2580.00000, 0.5211, 0.221988, 0.5211, 0.221988, 0.5211, 0.221988, 0, 0
4, 2640.00000, 0.5211, 0.221988, 0.5211, 0.221988, 0.5211, 0.221988, 0, 0
4, 2700.00000, 0.5211, 0.221988, 0.5211, 0.221988, 0.5211, 0.221988, 0, 0
4, 2760.00000, 0.508784, 0.216741, 0.508784, 0.216741, 0.508784, 0.216741, 0, 0
4, 2820.00000, 0.508784, 0.216741, 0.508784, 0.216741, 0.508784, 0.216741, 0, 0
4, 2880.00000, 0.508784, 0.216741, 0.508784, 0.216741, 0.508784, 0.216741, 0, 0
4, 2940.00000, 0.508784, 0.216741, 0.508784, 0.216741, 0.508784, 0.216741, 0, 0
4, 3000.00000, 0.508784, 0.216741, 0.508784, 0.216741, 0.508784, 0.216741, 0, 0
4, 3060.00000, 0.508784, 0.216741, 0.508784, 0.216741, 0.508784, 0.216741, 0, 0
4, 3120.00000, 0.508784, 0.216741, 0.508784, 0.216741, 0.508784, 0.216741, 0, 0
4, 3180.00000, 0.508784, 0.216741, 0.508784, 0.216741, 0.508784, 0.216741, 0, 0
4, 3240.00000, 0.508784, 0.216741, 0.508784, 0.216741, 0.508784, 0.216741, 0, 0
4, 3300.00000, 0.508784, 0.216741, 0.508784, 0.216741, 0.508784, 0.216741, 0, 0
4, 3360.00000, 0.508784, 0.216741, 0.508784, 0.216741, 0.508784, 0.216741, 0, 0
4, 3420.00000, 0.508784, 0.216741, 0.508784, 0.216741, 0.508784, 0.216741, 0, 0
4, 3480.00000, 0.508784, 0.216741, 0.508784, 0.216741, 0.508784, 0.216741, 0, 0
4, 3540.00000, 0.508784, 0.216741, 0.508784, 0.216741, 0.508784, 0.216741, 0, 0
5, 0.00000, 0.508784, 0.216741, 0.508784, 0.216741, 0.508784, 0.216741, 0, 0
5, 60.00000, 0.509078, 0.216866, 0.509078, 0.216866, 0.509078, 0.216866, 0, 0
5, 120.00000, 0.509078, 0.216866, 0.509078, 0.216866, 0.509078, 0.216866, 0, 0
5, 180.00000, 0.509078, 0.216866, 0.509078, 0.216866, 0.509078, 0.216866, 0, 0
5, 240.00000, 0.509078, 0.216866, 0.509078, 0.216866, 0.509078, 0.216866, 0, 0
5, 300.00000, 0.509078, 0.216866, 0.509078, 0.216866, 0.509078, 0.216866, 0, 0
5, 360.00000, 0.509078, 0.216866, 0.509078, 0.216866, 0.509078, 0.216866, 0, 0
5, 420.00000, 0.509078, 0.216866, 0.509078, 0.216866, 0.509078, 0.216866, 0, 0
5, 480.00000, 0.509078, 0.216866, 0.509078, 0.216866, 0.509078, 0.216866, 0, 0
5, 540.00000, 0.509078, 0.216866, 0.509078, 0.216866, 0.509078, 0.216866, 0, 0
5, 600.00000, 0.509078, 0.216866, 0.509078, 0.216866, 0.509078, 0.216866, 0, 0
5, 660.00000, 0.509078, 0.216866, 0.509078, 0.216866, 0.509078, 0.216866, 0, 0
5, 720.00000, 0.509078, 0.216866, 0.509078, 0.216866, 0.509078, 0.216866, 0, 0
5, 780.00000, 0.509078, 0.216866, 0.509078, 0.216866, 0.509078, 0.216866, 0, 0
5, 840.00000, 0.509078, 0.216866, 0.509078, 0.216866, 0.509078, 0.216866, 0, 0
5, 900.00000, 0.509078, 0.216866, 0.509078, 0.216866, 0.509078, 0.216866, 0, 0
5, 960.00000, 0.495915, 0.211259, 0.495915, 0.211259, 0.495915, 0.211259, 0, 0
5, 1020.00000, 0.495915, 0.211259, 0.495915, 0.211259, 0.495915, 0.211259, 0, 0
5, 1080.00000, 0.495915, 0.211259, 0.495915, 0.211259, 0.495915, 0.211259, 0, 0
5, 1140.00000, 0.495915, 0.211259, 0.495915, 0.211259, 0.495915, 0.211259, 0, 0
5, 1200.00000, 0.495915, 0.211259, 0.495915, 0.211259, 0.495915, 0.211259, 0, 0
5, 1260.00000, 0.495915, 0.211259, 0.495915, 0.211259, 0.495915, 0.211259, 0, 0
5, 1320.00000, 0.495915, 0.211259, 0.495915, 0.211259, 0.495915, 0.211259, 0, 0
5, 1380.00000, 0.495915, 0.211259, 0.495915, 0.211259, 0.495915, 0.211259, 0, 0
5, 1440.00000, 0.495915, 0.211259, 0.495915, 0.211259, 0.495915, 0.211259, 0, 0
5, 1500.00000, 0.495915, 0.211259, 0.495915, 0.211259, 0.495915, 0.211259, 0, 0
5, 1560.00000, 0.495915, 0.211259, 0.495915, 0.211259, 0.495915, 0.211259, 0, 0
5, 1620.00000, 0.495915, 0.211259, 0.495915, 0.211259, 0.495915, 0.211259, 0, 0
5, 1680.00000, 0.495915, 0.211259, 0.495915, 0.211259, 0.495915, 0.211259, 0, 0
5, 1740.00000, 0.495915, 0.211259, 0.495915, 0.211259, 0.495915, 0.211259, 0, 0
5, 1800.00000, 0.495915, 0.211259, 0.495915, 0.211259, 0.495915, 0.211259, 0, 0
5, 1860.00000, 0.461363, 0.19654, 0.461363, 0.19654, 0.461363, 0.19654, 0, 0
5, 1920.00000, 0.461363, 0.19654, 0.461363, 0.19654, 0.461363, 0.19654, 0, 0
5, 1980.00000, 0.461363, 0.19654, 0.461363, 0.19654, 0.461363, 0.19654, 0, 0
5, 2040.00000, 0.461363, 0.19654, 0.461363, 0.19654, 0.461363, 0.19654, 0, 0
5, 2100.00000, 0.461363, 0.19654, 0.461363, 0.19654, 0.461363, 0.19654, 0, 0
5, 2160.00000, 0.461363, 0.19654, 0.461363, 0.19654, 0.461363, 0.19654, 0, 0
5, 2220.00000, 0.461363, 0.19654, 0.461363, 0.19654, 0.461363, 0.19654, 0, 0
5, 2280.00000, 0.461363, 0.19654, 0.461363, 0.19654, 0.461363, 0.19654, 0, 0
5, 2340.00000, 0.461363, 0.19654, 0.461363, 0.19654, 0.461363, 0.19654, 0, 0
5, 2400.00000, 0.461363, 0.19654, 0.461363, 0.19654, 0.461363, 0.19654, 0, 0
5, 2460.00000, 0.461363, 0.19654, 0.461363, 0.19654, 0.461363, 0.19654, 0, 0
5, 2520.00000, 0.461363, 0.19654, 0.461363, 0.19654, 0.461363, 0.19654, 0, 0
5, 2580.00000, 0.461363, 0.19654, 0.461363, 0.19654, 0.461363, 0.19654, 0, 0
5, 2640.00000, 0.461363, 0.19654, 0.461363, 0.19654, 0.461363, 0.19654, 0, 0
5, 2700.00000, 0.461363, 0.19654, 0.461363, 0.19654, 0.461363, 0.19654, 0, 0
5, 2760.00000, 0.491031, 0.209178, 0.491031, 0.209178, 0.491031, 0.209178, 0, 0
5, 2820.00000, 0.491031, 0.209178, 0.491031, 0.209178, 0.491031, 0.209178, 0, 0
5, 2880.00000, 0.491031, 0.209178, 0.491031, 0.209178, 0.491031, 0.209178, 0, 0
5, 2940.00000, 0.491031, 0.209178, 0.491031, 0.209178, 0.491031, 0.209178, 0, 0
5, 3000.00000, 0.491031, 0.209178, 0.491031, 0.209178, 0.491031, 0.209178, 0, 0
5, 3060.00000, 0.491031, 0.209178, 0.491031, 0.209178, 0.491031, 0.209178, 0, 0
5, 3120.00000, 0.491031, 0.209178, 0.491031, 0.209178, 0.491031, 0.209178, 0, 0
5, 3180.00000, 0.491031, 0.209178, 0.491031, 0.209178, 0.491031, 0.209178, 0, 0
5, 3240.00000, 0.491031, 0.209178, 0.491031, 0.209178, 0.491031, 0.209178, 0, 0
5, 3300.00000, 0.491031, 0.209178, 0.491031, 0.209178, 0.491031, 0.209178, 0, 0
5, 3360.00000, 0.491031, 0.209178, 0.491031, 0.209178, 0.491031, 0.209178, 0, 0
5, 3420.00000, 0.491031, 0.209178, 0.491031, 0.209178, 0.491031, 0.209178, 0, 0
5, 3480.00000, 0.491031, 0.209178, 0.491031, 0.209178, 0.491031, 0.209178, 0, 0
5, 3540.00000, 0.491031, 0.209178, 0.491031, 0.209178, 0.491031, 0.209178, 0, 0
6, 0.00000, 0.491031, 0.209178, 0.491031, 0.209178, 0.491031, 0.209178, 0, 0
6, 60.00000, 0.459804, 0.195876, 0.459804, 0.195876, 0.459804, 0.195876, 0, 0
6, 120.00000, 0.459804, 0.195876, 0.459804, 0.195876, 0.459804, 0.195876, 0, 0
6, 180.00000, 0.459804, 0.195876, 0.459804, 0.195876, 0.459804, 0.195876, 0, 0
6, 240.00000, 0.459804, 0.195876, 0.459804, 0.195876, 0.459804, 0.195876, 0, 0
6, 300.00000, 0.459804, 0.195876, 0.459804, 0.195876, 0.459804, 0.195876, 0, 0
6, 360.00000, 0.459804, 0.195876, 0.459804, 0.195876, 0.459804, 0.195876, 0, 0
6, 420.00000, 0.459804, 0.195876, 0.459804, 0.195876, 0.459804, 0.195876, 0, 0
6, 480.00000, 0.459804, 0.195876, 0.459804, 0.195876, 0.459804, 0.195876, 0, 0
6, 540.00000, 0.459804, 0.195876, 0.459804, 0.195876, 0.459804, 0.195876, 0, 0
6, 600.00000, 0.459804, 0.195876, 0.459804, 0.195876, 0.459804, 0.195876, 0, 0
6, 660.00000, 0.459804, 0.195876, 0.459804, 0.195876, 0.459804, 0.195876, 0, 0
6, 720.00000, 0.459804, 0.195876, 0.459804, 0.195876, 0.459804, 0.195876, 0, 0
6, 780.00000, 0.459804, 0.195876, 0.459804, 0.195876, 0.459804, 0.195876, 0, 0
6, 840.00000, 0.459804, 0.195876, 0.459804, 0.195876, 0.459804, 0.195876, 0, 0
6, 900.00000, 0.459804, 0.195876, 0.459804, 0.195876, 0.459804, 0.195876, 0, 0
6, 960.00000, 0.437779, 0.186493, 0.437779, 0.186493, 0.43778, 0.186493, 0, 0
6, 1020.00000, 0.437779, 0.186493, 0.437779, 0.186493, 0.437779, 0.186493, 0, 0
6, 1080.00000, 0.437779, 0.186493, 0.437779, 0.186493, 0.437779, 0.186493, 0, 0
6, 1140.00000, 0.437779, 0.186493, 0.437779, 0.186493, 0.437779, 0.186493, 0, 0
6, 1200.00000, 0.437779, 0.186493, 0.437779, 0.186493, 0.437779, 0.186493, 0, 0
6, 1260.00000, 0.437779, 0.186493, 0.437779, 0.186493, 0.437779, 0.186493, 0, 0
6, 1320.00000, 0.437779, 0.186493, 0.437779, 0.186493, 0.437779, 0.186493, 0, 0
6, 1380.00000, 0.437779, 0.186493, 0.437779, 0.186493, 0.437779, 0.186493, 0, 0
6, 1440.00000, 0.437779, 0.186493, 0.437779, 0.186493, 0.437779, 0.186493, 0, 0
6, 1500.00000, 0.437779, 0.186493, 0.437779, 0.186493, 0.437779, 0.186493, 0, 0
6, 1560.00000, 0.437779, 0.186493, 0.437779, 0.186493, 0.437779, 0.186493, 0, 0
6, 1620.00000, 0.437779, 0.186493, 0.437779, 0.186493, 0.437779, 0.186493, 0, 0
6, 1680.00000, 0.437779, 0.186493, 0.437779, 0.186493, 0.437779, 0.186493, 0, 0
6, 1740.00000, 0.437779, 0.186493, 0.437779, 0.186493, 0.437779, 0.186493, 0, 0
6, 1800.00000, 0.437779, 0.186493, 0.437779, 0.186493, 0.437779, 0.186493, 0, 0
6, 1860.00000, 0.449619, 0.191537, 0.449619, 0.191537, 0.449619, 0.191537, 0, 0
6, 1920.00000, 0.449619, 0.191537, 0.449619, 0.191537, 0.449619, 0.191537, 0, 0
6, 1980.00000, 0.449619, 0.191537, 0.449619, 0.191537, 0.449619, 0.191537, 0, 0
6, 2040.00000, 0.449619, 0.191537, 0.449619, 0.191537, 0.449619, 0.191537, 0, 0
6, 2100.00000, 0.449619, 0.191537, 0.449619, 0.191537, 0.449619, 0.191537, 0, 0
6, 2160.00000, 0.449619, 0.191537, 0.449619, 0.191537, 0.449619, 0.191537, 0, 0
6, 2220.00000, 0.449619, 0.191537, 0.449619, 0.191537, 0.449619, 0.191537, 0, 0
6, 2280.00000, 0.449619, 0.191537, 0.449619, 0.191537, 0.449619, 0.191537, 0, 0
6, 2340.00000, 0.449619, 0.191537, 0.449619, 0.191537, 0.449619, 0.191537, 0, 0
6, 2400.00000, 0.449619, 0.191537, 0.449619, 0.191537, 0.449619, 0.191537, 0, 0
6, 2460.00000, 0.449619, 0.191537, 0.449619, 0.191537, 0.449619, 0.191537, 0, 0
6, 2520.00000, 0.449619, 0.191537, 0.449619, 0.191537, 0.449619, 0.191537, 0, 0
6, 2580.00000, 0.449619, 0.191537, 0.449619, 0.191537, 0.449619, 0.191537, 0, 0
6, 2640.00000, 0.449619, 0.191537, 0.449619, 0.191537, 0.449619, 0.191537, 0, 0
6, 2700.00000, 0.449619, 0.191537, 0.449619, 0.191537, 0.449619, 0.191537, 0, 0
6, 2760.00000, 0.42392, 0.180589, 0.42392, 0.180589, 0.42392, 0.180589, 0, 0
6, 2820.00000, 0.42392, 0.180589, 0.42392, 0.180589, 0.42392, 0.180589, 0, 0
6, 2880.00000, 0.42392, 0.180589, 0.42392, 0.180589, 0.42392, 0.180589, 0, 0
6, 2940.00000, 0.42392, 0.180589, 0.42392, 0.180589, 0.42392, 0.180589, 0, 0
6, 3000.00000, 0.42392, 0.180589, 0.42392, 0.180589, 0.42392, 0.180589, 0, 0
6, 3060.00000, 0.42392, 0.180589, 0.42392, 0.180589, 0.42392, 0.180589, 0, 0
6, 3120.00000, 0.42392, 0.180589, 0.42392, 0.180589, 0.42392, 0.180589, 0, 0
6, 3180.00000, 0.42392, 0.180589, 0.42392, 0.180589, 0.42392, 0.180589, 0, 0
6, 3240.00000, 0.42392, 0.180589, 0.42392, 0.180589, 0.42392, 0.180589, 0, 0
6, 3300.00000, 0.42392, 0.180589, 0.42392, 0.180589, 0.42392, 0.180589, 0, 0
6, 3360.00000, 0.42392, 0.180589, 0.42392, 0.180589, 0.42392, 0.180589, 0, 0
6, 3420.00000, 0.42392, 0.180589, 0.42392, 0.180589, 0.42392, 0.180589, 0, 0
6, 3480.00000, 0.42392, 0.180589, 0.42392, 0.180589, 0.42392, 0.180589, 0, 0
6, 3540.00000, 0.42392, 0.180589, 0.42392, 0.180589, 0.42392, 0.180589, 0, 0
7, 0.00000, 0.42392, 0.180589, 0.42392, 0.180589, 0.42392, 0.180589, 0, 0
7, 60.00000, 0.324701, 0.138322, 0.324701, 0.138322, 0.324701, 0.138322, 0, 0
7, 120.00000, 0.324701, 0.138322, 0.324701, 0.138322, 0.324701, 0.138322, 0, 0
7, 180.00000, 0.324701, 0.138322, 0.324701, 0.138322, 0.324701, 0.138322, 0, 0
7, 240.00000, 0.324701, 0.138322, 0.324701, 0.138322, 0.324701, 0.138322, 0, 0
7, 300.00000, 0.324701, 0.138322, 0.324701, 0.138322, 0.324701, 0.138322, 0, 0
7, 360.00000, 0.324701, 0.138322, 0.324701, 0.138322, 0.324701, 0.138322, 0, 0
7, 420.00000, 0.324701, 0.138322, 0.324701, 0.138322, 0.324701, 0.138322, 0, 0
7, 480.00000, 0.324701, 0.138322, 0.324701, 0.138322, 0.324701, 0.138322, 0, 0
7, 540.00000, 0.324701, 0.138322, 0.324701, 0.138322, 0.324701, 0.138322, 0, 0
7, 600.00000, 0.324701, 0.138322, 0.324701, 0.138322, 0.324701, 0.138322, 0, 0
7, 660.00000, 0.324701, 0.138322, 0.324701, 0.138322, 0.324701, 0.138322, 0, 0
7, 720.00000, 0.324701, 0.138322, 0.324701, 0.138322, 0.324701, 0.138322, 0, 0
7, 780.00000, 0.324701, 0.138322, 0.324701, 0.138322, 0.324701, 0.138322, 0, 0
7, 840.00000, 0.324701, 0.138322, 0.324701, 0.138322, 0.324701, 0.138322, 0, 0
7, 900.00000, 0.324701, 0.138322, 0.324701, 0.138322, 0.324701, 0.138322, 0, 0
7, 960.00000, 0.342734, 0.146004, 0.342734, 0.146004, 0.342734, 0.146004, 0, 0
7, 1020.00000, 0.342734, 0.146004, 0.342734, 0.146004, 0.342734, 0.146004, 0, 0
7, 1080.00000, 0.342734, 0.146004, 0.342734, 0.146004, 0.342734, 0.146004, 0, 0
7, 1140.00000, 0.342734, 0.146004, 0.342734, 0.146004, 0.342734, 0.146004, 0, 0
7, 1200.00000, 0.342734, 0.146004, 0.342734, 0.146004, 0.342734, 0.146004, 0, 0
7, 1260.00000, 0.342734, 0.146004, 0.342734, 0.146004, 0.342734, 0.146004, 0, 0
7, 1320.00000, 0.342734, 0.146004, 0.342734, 0.146004, 0.342734, 0.146004, 0, 0
7, 1380.00000, 0.342734, 0.146004, 0.342734, 0.146004, 0.342734, 0.146004, 0, 0
7, 1440.00000, 0.342734, 0.146004, 0.342734, 0.146004, 0.342734, 0.146004, 0, 0
7, 1500.00000, 0.342734, 0.146004, 0.342734, 0.146004, 0.342734, 0.146004, 0, 0
7, 1560.00000, 0.342734, 0.146004, 0.342734, 0.146004, 0.342734, 0.146004, 0, 0
7, 1620.00000, 0.342734, 0.146004, 0.342734, 0.146004, 0.342734, 0.146004, 0, 0
7, 1680.00000, 0.342734, 0.146004, 0.342734, 0.146004, 0.342734, 0.146004, 0, 0
7, 1740.00000, 0.342734, 0.146004, 0.342734, 0.146004, 0.342734, 0.146004, 0, 0
7, 1800.00000, 0.342734, 0.146004, 0.342734, 0.146004, 0.342734, 0.146004, 0, 0
7, 1860.00000, 0.312901, 0.133295, 0.312901, 0.133295, 0.312901, 0.133295, 0, 0
7, 1920.00000, 0.312901, 0.133295, 0.312901, 0.133295, 0.312901, 0.133295, 0, 0
7, 1980.00000, 0.312901, 0.133295, 0.312901, 0.133295, 0.312901, 0.133295, 0, 0
7, 2040.00000, 0.312901, 0.133295, 0.312901, 0.133295, 0.312901, 0.133295, 0, 0
7, 2100.00000, 0.312901, 0.133295, 0.312901, 0.133295, 0.312901, 0.133295, 0, 0
7, 2160.00000, 0.312901, 0.133295, 0.312901, 0.133295, 0.312901, 0.133295, 0, 0
7, 2220.00000, 0.312901, 0.133295, 0.312901, 0.133295, 0.312901, 0.133295, 0, 0
7, 2280.00000, 0.312901, 0.133295, 0.312901, 0.133295, 0.312901, 0.133295, 0, 0
7, 2340.00000, 0.312901, 0.133295, 0.312901, 0.133295, 0.312901, 0.133295, 0, 0
7, 2400.00000, 0.312901, 0.133295, 0.312901, 0.133295, 0.312901, 0.133295, 0, 0
7, 2460.00000, 0.312901, 0.133295, 0.312901, 0.133295, 0.312901, 0.133295, 0, 0
7, 2520.00000, 0.312901, 0.133295, 0.312901, 0.133295, 0.312901, 0.133295, 0, 0
7, 2580.00000, 0.312901, 0.133295, 0.312901, 0.133295, 0.312901, 0.133295, 0, 0
7, 2640.00000, 0.312901, 0.133295, 0.312901, 0.133295, 0.312901, 0.133295, 0, 0
7, 2700.00000, 0.312901, 0.133295, 0.312901, 0.133295, 0.312901, 0.133295, 0, 0
7, 2760.00000, 0.325403, 0.138621, 0.325403, 0.138621, 0.325403, 0.138621, 0, 0
7, 2820.00000, 0.325403, 0.138621, 0.325403, 0.138621, 0.325403, 0.138621, 0, 0
7, 2880.00000, 0.325403, 0.138621, 0.325403, 0.138621, 0.325403, 0.138621, 0, 0
7, 2940.00000, 0.325403, 0.138621, 0.325403, 0.138621, 0.325403, 0.138621, 0, 0
7, 3000.00000, 0.325403, 0.138621, 0.325403, 0.138621, 0.325403, 0.138621, 0, 0
7, 3060.00000, 0.325403, 0.138621, 0.325403, 0.138621, 0.325403, 0.138621, 0, 0
7, 3120.00000, 0.325403, 0.138621, 0.325403, 0.138621, 0.325403, 0.138621, 0, 0
7, 3180.00000, 0.325403, 0.138621, 0.325403, 0.138621, 0.325403, 0.138621, 0, 0
7, 3240.00000, 0.325403, 0.138621, 0.325403, 0.138621, 0.325403, 0.138621, 0, 0
7, 3300.00000, 0.325403, 0.138621, 0.325403, 0.138621, 0.325403, 0.138621, 0, 0
7, 3360.00000, 0.325403, 0.138621, 0.325403, 0.138621, 0.325403, 0.138621, 0, 0
7, 3420.00000, 0.325403, 0.138621, 0.325403, 0.138621, 0.325403, 0.138621, 0, 0
7, 3480.00000, 0.325403, 0.138621, 0.325403, 0.138621, 0.325403, 0.138621, 0, 0
7, 3540.00000, 0.325403, 0.138621, 0.325403, 0.138621, 0.325403, 0.138621, 0, 0
8, 0.00000, 0.325403, 0.138621, 0.325403, 0.138621, 0.325403, 0.138621, 0, 0
8, 60.00000, 0.302365, 0.128807, 0.302365, 0.128807, 0.302365, 0.128807, 0, 0
8, 120.00000, 0.302365, 0.128807, 0.302365, 0.128807, 0.302365, 0.128807, 0, 0
8, 180.00000, 0.302365, 0.128807, 0.302365, 0.128807, 0.302365, 0.128807, 0, 0
8, 240.00000, 0.302365, 0.128807, 0.302365, 0.128807, 0.302365, 0.128807, 0, 0
8, 300.00000, 0.302365, 0.128807, 0.302365, 0.128807, 0.302365, 0.128807, 0, 0
8, 360.00000, 0.302365, 0.128807, 0.302365, 0.128807, 0.302365, 0.128807, 0, 0
8, 420.00000, 0.302365, 0.128807, 0.302365, 0.128807, 0.302365, 0.128807, 0, 0
8, 480.00000, 0.302365, 0.128807, 0.302365, 0.128807, 0.302365, 0.128807, 0, 0
8, 540.00000, 0.302365, 0.128807, 0.302365, 0.128807, 0.302365, 0.128807, 0, 0
8, 600.00000, 0.302365, 0.128807, 0.302365, 0.128807, 0.302365, 0.128807, 0, 0
8, 660.00000, 0.302365, 0.128807, 0.302365, 0.128807, 0.302365, 0.128807, 0, 0
8, 720.00000, 0.302365, 0.128807, 0.302365, 0.128807, 0.302365, 0.128807, 0, 0
8, 780.00000, 0.302365, 0.128807, 0.302365, 0.128807, 0.302365, 0.128807, 0, 0
8, 840.00000, 0.302365, 0.128807, 0.302365, 0.128807, 0.302365, 0.128807, 0, 0
8, 900.00000, 0.302365, 0.128807, 0.302365, 0.128807, 0.302365, 0.128807, 0, 0
8, 960.00000, 0.310703, 0.132359, 0.310703, 0.132359, 0.310702, 0.132359, 0, 0
8, 1020.00000, 0.310703, 0.132359, 0.310703, 0.132359, 0.310703, 0.132359, 0, 0
8, 1080.00000, 0.310703, 0.132359, 0.310703, 0.132359, 0.310703, 0.132359, 0, 0
8, 1140.00000, 0.310703, 0.132359, 0.310703, 0.132359, 0.310703, 0.132359, 0, 0
8, 1200.00000, 0.310703, 0.132359, 0.310703, 0.132359, 0.310703, 0.132359, 0, 0
8, 1260.00000, 0.310703, 0.132359, 0.310703, 0.132359, 0.310703, 0.132359, 0, 0
8, 1320.00000, 0.310703, 0.132359, 0.310703, 0.132359, 0.310703, 0.132359, 0, 0
8, 1380.00000, 0.310703, 0.132359, 0.310703, 0.132359, 0.310703, 0.132359, 0, 0
8, 1440.00000, 0.310703, 0.132359, 0.310703, 0.132359, 0.310703, 0.132359, 0, 0
8, 1500.00000, 0.310703, 0.132359, 0.310703, 0.132359, 0.310703, 0.132359, 0, 0
8, 1560.00000, 0.310703, 0.132359, 0.310703, 0.132359, 0.310703, 0.132359, 0, 0
8, 1620.00000, 0.310703, 0.132359, 0.310703, 0.132359, 0.310703, 0.132359, 0, 0
8, 1680.00000, 0.310703, 0.132359, 0.310703, 0.132359, 0.310703, 0.132359, 0, 0
8, 1740.00000, 0.310703, 0.132359, 0.310703, 0.132359, 0.310703, 0.132359, 0, 0
8, 1800.00000, 0.310703, 0.132359, 0.310703, 0.132359, 0.310703, 0.132359, 0, 0
8, 1860.00000, 0.347851, 0.148184, 0.347851, 0.148184, 0.347851, 0.148184, 0, 0
8, 1920.00000, 0.347851, 0.148184, 0.347851, 0.148184, 0.347851, 0.148184, 0, 0
8, 1980.00000, 0.347851, 0.148184, 0.347851, 0.148184, 0.347851, 0.148184, 0, 0
8, 2040.00000, 0.347851, 0.148184, 0.347851, 0.148184, 0.347851, 0.148184, 0, 0
8, 2100.00000, 0.347851, 0.148184, 0.347851, 0.148184, 0.347851, 0.148184, 0, 0
8, 2160.00000, 0.347851, 0.148184, 0.347851, 0.148184, 0.347851, 0.148184, 0, 0
8, 2220.00000, 0.347851, 0.148184, 0.347851, 0.148184, 0.347851, 0.148184, 0, 0
8, 2280.00000, 0.347851, 0.148184, 0.347851, 0.148184, 0.347851, 0.148184, 0, 0
8, 2340.00000, 0.347851, 0.148184, 0.347851, 0.148184, 0.347851, 0.148184, 0, 0
8, 2400.00000, 0.347851, 0.148184, 0.347851, 0.148184, 0.347851, 0.148184, 0, 0
8, 2460.00000, 0.347851, 0.148184, 0.347851, 0.148184, 0.347851, 0.148184, 0, 0
8, 2520.00000, 0.347851, 0.148184, 0.347851, 0.148184, 0.347851, 0.148184, 0, 0
8, 2580.00000, 0.347851, 0.148184, 0.347851, 0.148184, 0.347851, 0.148184, 0, 0
8, 2640.00000, 0.347851, 0.148184, 0.347851, 0.148184, 0.347851, 0.148184, 0, 0
8, 2700.00000, 0.347851, 0.148184, 0.347851, 0.148184, 0.347851, 0.148184, 0, 0
8, 2760.00000, 0.34156, 0.145504, 0.34156, 0.145504, 0.34156, 0.145504, 0, 0
8, 2820.00000, 0.34156, 0.145504, 0.34156, 0.145504, 0.34156, 0.145504, 0, 0
8, 2880.00000, 0.34156, 0.145504, 0.34156, 0.145504, 0.34156, 0.145504, 0, 0
8, 2940.00000, 0.34156, 0.145504, 0.34156, 0.145504, 0.34156, 0.145504, 0, 0
8, 3000.00000, 0.34156, 0.145504, 0.34156, 0.145504, 0.34156, 0.145504, 0, 0
8, 3060.00000, 0.34156, 0.145504, 0.34156, 0.145504, 0.34156, 0.145504, 0, 0
8, 3120.00000, 0.34156, 0.145504, 0.34156, 0.145504, 0.34156, 0.145504, 0, 0
8, 3180.00000, 0.34156, 0.145504, 0.34156, 0.145504, 0.34156, 0.145504, 0, 0
8, 3240.00000, 0.34156, 0.145504, 0.34156, 0.145504, 0.34156, 0.145504, 0, 0
8, 3300.00000, 0.34156, 0.145504, 0.34156, 0.145504, 0.34156, 0.145504, 0, 0
8, 3360.00000, 0.34156, 0.145504, 0.34156, 0.145504, 0.34156, 0.145504, 0, 0
8, 3420.00000, 0.34156, 0.145504, 0.34156, 0.145504, 0.34156, 0.145504, 0, 0
8, 3480.00000, 0.34156, 0.145504, 0.34156, 0.145504, 0.34156, 0.145504, 0, 0
8, 3540.00000, 0.34156, 0.145504, 0.34156, 0.145504, 0.34156, 0.145504, 0, 0
9, 0.00000, 0.34156, 0.145504, 0.34156, 0.145504, 0.34156, 0.145504, 0, 0
9, 60.00000, 0.339591, 0.144665, 0.339591, 0.144665, 0.339591, 0.144665, 0, 0
9, 120.00000, 0.339591, 0.144665, 0.339591, 0.144665, 0.339591, 0.144665, 0, 0
9, 180.00000, 0.339591, 0.144665, 0.339591, 0.144665, 0.339591, 0.144665, 0, 0
9, 240.00000, 0.339591, 0.144665, 0.339591, 0.144665, 0.339591, 0.144665, 0, 0
9, 300.00000, 0.339591, 0.144665, 0.339591, 0.144665, 0.339591, 0.144665, 0, 0
9, 360.00000, 0.339591, 0.144665, 0.339591, 0.144665, 0.339591, 0.144665, 0, 0
9, 420.00000, 0.339591, 0.144665, 0.339591, 0.144665, 0.339591, 0.144665, 0, 0
9, 480.00000, 0.339591, 0.144665, 0.339591, 0.144665, 0.339591, 0.144665, 0, 0
9, 540.00000, 0.339591, 0.144665, 0.339591, 0.144665, 0.339591, 0.144665, 0, 0
9, 600.00000, 0.339591, 0.144665, 0.339591, 0.144665, 0.339591, 0.144665, 0, 0
9, 660.00000, 0.339591, 0.144665, 0.339591, 0.144665, 0.339591, 0.144665, 0, 0
9, 720.00000, 0.339591, 0.144665, 0.339591, 0.144665, 0.339591, 0.144665, 0, 0
9, 780.00000, 0.339591, 0.144665, 0.339591, 0.144665, 0.339591, 0.144665, 0, 0
9, 840.00000, 0.339591, 0.144665, 0.339591, 0.144665, 0.339591, 0.144665, 0, 0
9, 900.00000, 0.339591, 0.144665, 0.339591, 0.144665, 0.339591, 0.144665, 0, 0
9, 960.00000, 0.293063, 0.124844, 0.293063, 0.124844, 0.293063, 0.124844, 0, 0
9, 1020.00000, 0.293063, 0.124844, 0.293063, 0.124844, 0.293063, 0.124844, 0, 0
9, 1080.00000, 0.293063, 0.124844, 0.293063, 0.124844, 0.293063, 0.124844, 0, 0
9, 1140.00000, 0.293063, 0.124844, 0.293063, 0.124844, 0.293063, 0.124844, 0, 0
9, 1200.00000, 0.293063, 0.124844, 0.293063, 0.124844, 0.293063, 0.124844, 0, 0
9, 1260.00000, 0.293063, 0.124844, 0.293063, 0.124844, 0.293063, 0.124844, 0, 0
9, 1320.00000, 0.293063, 0.124844, 0.293063, 0.124844, 0.293063, 0.124844, 0, 0
9, 1380.00000, 0.293063, 0.124844, 0.293063, 0.124844, 0.293063, 0.124844, 0, 0
9, 1440.00000, 0.293063, 0.124844, 0.293063, 0.124844, 0.293063, 0.124844, 0, 0
9, 1500.00000, 0.293063, 0.124844, 0.293063, 0.124844, 0.293063, 0.124844, 0, 0
9, 1560.00000, 0.293063, 0.124844, 0.293063, 0.124844, 0.293063, 0.124844, 0, 0
9, 1620.00000, 0.293063, 0.124844, 0.293063, 0.124844, 0.293063, 0.124844, 0, 0
9, 1680.00000, 0.293063, 0.124844, 0.293063, 0.124844, 0.293063, 0.124844, 0, 0
9, 1740.00000, 0.293063, 0.124844, 0.293063, 0.124844, 0.293063, 0.124844, 0, 0
9, 1800.00000, 0.293063, 0.124844, 0.293063, 0.124844, 0.293063, 0.124844, 0, 0
9, 1860.00000, 0.347916, 0.148212, 0.347916, 0.148212, 0.347916, 0.148212, 0, 0
9, 1920.00000, 0.347916, 0.148212, 0.347916, 0.148212, 0.347916, 0.148212, 0, 0
9, 1980.00000, 0.347916, 0.148212, 0.347916, 0.148212, 0.347916, 0.148212, 0, 0
9, 2040.00000, 0.347916, 0.148212, 0.347916, 0.148212, 0.347916, 0.148212, 0, 0
9, 2100.00000, 0.347916, 0.148212, 0.347916, 0.148212, 0.347916, 0.148212, 0, 0
9, 2160.00000, 0.347916, 0.148212, 0.347916, 0.148212, 0.347916, 0.148212, 0, 0
9, 2220.00000, 0.347916, 0.148212, 0.347916, 0.148212, 0.347916, 0.148212, 0, 0
9, 2280.00000, 0.347916, 0.148212, 0.347916, 0.148212, 0.347916, 0.148212, 0, 0
9, 2340.00000, 0.347916, 0.148212, 0.347916, 0.148212, 0.347916, 0.148212, 0, 0
9, 2400.00000, 0.347916, 0.148212, 0.347916, 0.148212, 0.347916, 0.148212, 0, 0
9, 2460.00000, 0.347916, 0.148212, 0.347916, 0.148212, 0.347916, 0.148212, 0, 0
9, 2520.00000, 0.347916, 0.148212, 0.347916, 0.148212, 0.347916, 0.148212, 0, 0
9, 2580.00000, 0.347916, 0.148212, 0.347916, 0.148212, 0.347916, 0.148212, 0, 0
9, 2640.00000, 0.347916, 0.148212, 0.347916, 0.148212, 0.347916, 0.148212, 0, 0
9, 2700.00000, 0.347916, 0.148212, 0.347916, 0.148212, 0.347916, 0.148212, 0, 0
9, 2760.00000, 0.310137, 0.132118, 0.310137, 0.132118, 0.310137, 0.132118, 0, 0
9, 2820.00000, 0.310137, 0.132118, 0.310137, 0.132118, 0.310137, 0.132118, 0, 0
9, 2880.00000, 0.310137, 0.132118, 0.310137, 0.132118, 0.310137, 0.132118, 0, 0
9, 2940.00000, 0.310137, 0.132118, 0.310137, 0.132118, 0.310137, 0.132118, 0, 0
9, 3000.00000, 0.310137, 0.132118, 0.310137, 0.132118, 0.310137, 0.132118, 0, 0
9, 3060.00000, 0.310137, 0.132118, 0.310137, 0.132118, 0.310137, 0.132118, 0, 0
9, 3120.00000, 0.310137, 0.132118, 0.310137, 0.132118, 0.310137, 0.132118, 0, 0
9, 3180.00000, 0.310137, 0.132118, 0.310137, 0.132118, 0.310137, 0.132118, 0, 0
9, 3240.00000, 0.310137, 0.132118, 0.310137, 0.132118, 0.310137, 0.132118, 0, 0
9, 3300.00000, 0.310137, 0.132118, 0.310137, 0.132118, 0.310137, 0.132118, 0, 0
9, 3360.00000, 0.310137, 0.132118, 0.310137, 0.132118, 0.310137, 0.132118, 0, 0
9, 3420.00000, 0.310137, 0.132118, 0.310137, 0.132118, 0.310137, 0.132118, 0, 0
9, 3480.00000, 0.310137, 0.132118, 0.310137, 0.132118, 0.310137, 0.132118, 0, 0
9, 3540.00000, 0.310137, 0.132118, 0.310137, 0.132118, 0.310137, 0.132118, 0, 0
10, 0.00000, 0.310137, 0.132118, 0.310137, 0.132118, 0.310137, 0.132118, 0, 0
10, 60.00000, 0.321782, 0.137078, 0.321782, 0.137078, 0.321782, 0.137078, 0, 0
10, 120.00000, 0.321782, 0.137078, 0.321782, 0.137078, 0.321782, 0.137078, 0, 0
10, 180.00000, 0.321782, 0.137078, 0.321782, 0.137078, 0.321782, 0.137078, 0, 0
10, 240.00000, 0.321782, 0.137078, 0.321782, 0.137078, 0.321782, 0.137078, 0, 0
10, 300.00000, 0.321782, 0.137078, 0.321782, 0.137078, 0.321782, 0.137078, 0, 0
10, 360.00000, 0.321782, 0.137078, 0.321782, 0.137078, 0.321782, 0.137078, 0, 0
10, 420.00000, 0.321782, 0.137078, 0.321782, 0.137078, 0.321782, 0.137078, 0, 0
10, 480.00000, 0.321782, 0.137078, 0.321782, 0.137078, 0.321782, 0.137078, 0, 0
10, 540.00000, 0.321782, 0.137078, 0.321782, 0.137078, 0.321782, 0.137078, 0, 0
10, 600.00000, 0.321782, 0.137078, 0.321782, 0.137078, 0.321782, 0.137078, 0, 0
10, 660.00000, 0.321782, 0.137078, 0.321782, 0.137078, 0.321782, 0.137078, 0, 0
10, 720.00000, 0.321782, 0.137078, 0.321782, 0.137078, 0.321782, 0.137078, 0, 0
10, 780.00000, 0.321782, 0.137078, 0.321782, 0.137078, 0.321782, 0.137078, 0, 0
10, 840.00000, 0.321782, 0.137078, 0.321782, 0.137078, 0.321782, 0.137078, 0, 0
10, 900.00000, 0.321782, 0.137078, 0.321782, 0.137078, 0.321781, 0.137078, 0, 0
10, 960.00000, 0.304504, 0.129718, 0.304504, 0.129718, 0.304504, 0.129718, 0, 0
10, 1020.00000, 0.304504, 0.129718, 0.304504, 0.129718, 0.304504, 0.129718, 0, 0
10, 1080.00000, 0.304504, 0.129718, 0.304504, 0.129718, 0.304504, 0.129718, 0, 0
10, 1140.00000, 0.304504, 0.129718, 0.304504, 0.129718, 0.304504, 0.129718, 0, 0
10, 1200.00000, 0.304504, 0.129718, 0.304504, 0.129718, 0.304504, 0.129718, 0, 0
10, 1260.00000, 0.304504, 0.129718, 0.304504, 0.129718, 0.304504, 0.129718, 0, 0
10, 1320.00000, 0.304504, 0.129718, 0.304504, 0.129718, 0.304504, 0.129718, 0, 0
10, 1380.00000, 0.304504, 0.129718, 0.304504, 0.129718, 0.304504, 0.129718, 0, 0
10, 1440.00000, 0.304504, 0.129718, 0.304504, 0.129718, 0.304504, 0.129718, 0, 0
10, 1500.00000, 0.304504, 0.129718, 0.304504, 0.129718, 0.304504, 0.129718, 0, 0
10, 1560.00000, 0.304504, 0.129718, 0.304504, 0.129718, 0.304504, 0.129718, 0, 0
10, 1620.00000, 0.304504, 0.129718, 0.304504, 0.129718, 0.304504, 0.129718, 0, 0
10, 1680.00000, 0.304504, 0.129718, 0.304504, 0.129718, 0.304504, 0.129718, 0, 0
10, 1740.00000, 0.304504, 0.129718, 0.304504, 0.129718, 0.304504, 0.129718, 0, 0
10, 1800.00000, 0.304504, 0.129718, 0.304504, 0.129718, 0.304504, 0.129718, 0, 0
10, 1860.00000, 0.303629, 0.129345, 0.303629, 0.129345, 0.303628, 0.129345, 0, 0
10, 1920.00000, 0.303629, 0.129345, 0.303629, 0.129345, 0.303629, 0.129345, 0, 0
10, 1980.00000, 0.303629, 0.129345, 0.303629, 0.129345, 0.303629, 0.129345, 0, 0
10, 2040.00000, 0.303629, 0.129345, 0.303629, 0.129345, 0.303629, 0.129345, 0, 0
10, 2100.00000, 0.303629, 0.129345, 0.303629, 0.129345, 0.303629, 0.129345, 0, 0
10, 2160.00000, 0.303629, 0.129345, 0.303629, 0.129345, 0.303629, 0.129345, 0, 0
10, 2220.00000, 0.303629, 0.129345, 0.303629, 0.129345, 0.303629, 0.129345, 0, 0
10, 2280.00000, 0.303629, 0.129345, 0.303629, 0.129345, 0.303629, 0.129345, 0, 0
10, 2340.00000, 0.303629, 0.129345, 0.303629, 0.129345, 0.303629, 0.129345, 0, 0
10, 2400.00000, 0.303629, 0.129345, 0.303629, 0.129345, 0.303629, 0.129345, 0, 0
10, 2460.00000, 0.303629, 0.129345, 0.303629, 0.129345, 0.303629, 0.129345, 0, 0
10, 2520.00000, 0.303629, 0.129345, 0.303629, 0.129345, 0.303629, 0.129345, 0, 0
10, 2580.00000, 0.303629, 0.129345, 0.303629, 0.129345, 0.303629, 0.129345, 0, 0
10, 2640.00000, 0.303629, 0.129345, 0.303629, 0.129345, 0.303629, 0.129345, 0, 0
10, 2700.00000, 0.303629, 0.129345, 0.303629, 0.129345, 0.303628, 0.129345, 0, 0
10, 2760.00000, 0.347646, 0.148097, 0.347646, 0.148097, 0.347646, 0.148097, 0, 0
10, 2820.00000, 0.347646, 0.148097, 0.347646, 0.148097, 0.347646, 0.148097, 0, 0
10, 2880.00000, 0.347646, 0.148097, 0.347646, 0.148097, 0.347646, 0.148097, 0, 0
10, 2940.00000, 0.347646, 0.148097, 0.347646, 0.148097, 0.347646, 0.148097, 0, 0
10, 3000.00000, 0.347646, 0.148097, 0.347646, 0.148097, 0.347646, 0.148097, 0, 0
10, 3060.00000, 0.347646, 0.148097, 0.347646, 0.148097, 0.347646, 0.148097, 0, 0
10, 3120.00000, 0.347646, 0.148097, 0.347646, 0.148097, 0.347646, 0.148097, 0, 0
10, 3180.00000, 0.347646, 0.148097, 0.347646, 0.148097, 0.347646, 0.148097, 0, 0
10, 3240.00000, 0.347646, 0.148097, 0.347646, 0.148097, 0.347646, 0.148097, 0, 0
10, 3300.00000, 0.347646, 0.148097, 0.347646, 0.148097, 0.347646, 0.148097, 0, 0
10, 3360.00000, 0.347646, 0.148097, 0.347646, 0.148097, 0.347646, 0.148097, 0, 0
10, 3420.00000, 0.347646, 0.148097, 0.347646, 0.148097, 0.347646, 0.148097, 0, 0
10, 3480.00000, 0.347646, 0.148097, 0.347646, 0.148097, 0.347646, 0.148097, 0, 0
10, 3540.00000, 0.347646, 0.148097, 0.347646, 0.148097, 0.347646, 0.148097, 0, 0
11, 0.00000, 0.347646, 0.148097, 0.347646, 0.148097, 0.347646, 0.148097, 0, 0
11, 60.00000, 0.33028, 0.140699, 0.33028, 0.140699, 0.33028, 0.140699, 0, 0
11, 120.00000, 0.33028, 0.140699, 0.33028, 0.140699, 0.33028, 0.140699, 0, 0
11, 180.00000, 0.33028, 0.140699, 0.33028, 0.140699, 0.33028, 0.140699, 0, 0
11, 240.00000, 0.33028, 0.140699, 0.33028, 0.140699, 0.33028, 0.140699, 0, 0
11, 300.00000, 0.33028, 0.140699, 0.33028, 0.140699, 0.33028, 0.140699, 0, 0
11, 360.00000, 0.33028, 0.140699, 0.33028, 0.140699, 0.33028, 0.140699, 0, 0
11, 420.00000, 0.33028, 0.140699, 0.33028, 0.140699, 0.33028, 0.140699, 0, 0
11, 480.00000, 0.33028, 0.140699, 0.33028, 0.140699, 0.33028, 0.140699, 0, 0
11, 540.00000, 0.33028, 0.140699, 0.33028, 0.140699, 0.33028, 0.140699, 0, 0
11, 600.00000, 0.33028, 0.140699, 0.33028, 0.140699, 0.33028, 0.140699, 0, 0
11, 660.00000, 0.33028, 0.140699, 0.33028, 0.140699, 0.33028, 0.140699, 0, 0
11, 720.00000, 0.33028, 0.140699, 0.33028, 0.140699, 0.33028, 0.140699, 0, 0
11, 780.00000, 0.33028, 0.140699, 0.33028, 0.140699, 0.33028, 0.140699, 0, 0
11, 840.00000, 0.33028, 0.140699, 0.33028, 0.140699, 0.33028, 0.140699, 0, 0
11, 900.00000, 0.33028, 0.140699, 0.33028, 0.140699, 0.33028, 0.140699, 0, 0
11, 960.00000, 0.297522, 0.126744, 0.297522, 0.126744, 0.297522, 0.126744, 0, 0
11, 1020.00000, 0.297522, 0.126744, 0.297522, 0.126744, 0.297522, 0.126744, 0, 0
11, 1080.00000, 0.297522, 0.126744, 0.297522, 0.126744, 0.297522, 0.126744, 0, 0
11, 1140.00000, 0.297522, 0.126744, 0.297522, 0.126744, 0.297522, 0.126744, 0, 0
11, 1200.00000, 0.297522, 0.126744, 0.297522, 0.126744, 0.297522, 0.126744, 0, 0
11, 1260.00000, 0.297522, 0.126744, 0.297522, 0.126744, 0.297522, 0.126744, 0, 0
11, 1320.00000, 0.297522, 0.126744, 0.297522, 0.126744, 0.297522, 0.126744, 0, 0
11, 1380.00000, 0.297522, 0.126744, 0.297522, 0.126744, 0.297522, 0.126744, 0, 0
11, 1440.00000, 0.297522, 0.126744, 0.297522, 0.126744, 0.297522, 0.126744, 0, 0
11, 1500.00000, 0.297522, 0.126744, 0.297522, 0.126744, 0.297522, 0.126744, 0, 0
11, 1560.00000, 0.297522, 0.126744, 0.297522, 0.126744, 0.297522, 0.126744, 0, 0
11, 1620.00000, 0.297522, 0.126744, 0.297522, 0.126744, 0.297522, 0.126744, 0, 0
11, 1680.00000, 0.297522, 0.126744, 0.297522, 0.126744, 0.297522, 0.126744, 0, 0
11, 1740.00000, 0.297522, 0.126744, 0.297522, 0.126744, 0.297522, 0.126744, 0, 0
11, 1800.00000, 0.297522, 0.126744, 0.297522, 0.126744, 0.297522, 0.126744, 0, 0
11, 1860.00000, 0.344001, 0.146544, 0.344001, 0.146544, 0.344001, 0.146544, 0, 0
11, 1920.00000, 0.344001, 0.146544, 0.344001, 0.146544, 0.344001, 0.146544, 0, 0
11, 1980.00000, 0.344001, 0.146544, 0.344001, 0.146544, 0.344001, 0.146544, 0, 0
11, 2040.00000, 0.344001, 0.146544, 0.344001, 0.146544, 0.344001, 0.146544, 0, 0
11, 2100.00000, 0.344001, 0.146544, 0.344001, 0.146544, 0.344001, 0.146544, 0, 0
11, 2160.00000, 0.344001, 0.146544, 0.344001, 0.146544, 0.344001, 0.146544, 0, 0
11, 2220.00000, 0.344001, 0.146544, 0.344001, 0.146544, 0.344001, 0.146544, 0, 0
11, 2280.00000, 0.344001, 0.146544, 0.344001, 0.146544, 0.344001, 0.146544, 0, 0
11, 2340.00000, 0.344001, 0.146544, 0.344001, 0.146544, 0.344001, 0.146544, 0, 0
11, 2400.00000, 0.344001, 0.146544, 0.344001, 0.146544, 0.344001, 0.146544, 0, 0
11, 2460.00000, 0.344001, 0.146544, 0.344001, 0.146544, 0.344001, 0.146544, 0, 0
11, 2520.00000, 0.344001, 0.146544, 0.344001, 0.146544, 0.344001, 0.146544, 0, 0
11, 2580.00000, 0.344001, 0.146544, 0.344001, 0.146544, 0.344001, 0.146544, 0, 0
11, 2640.00000, 0.344001, 0.146544, 0.344001, 0.146544, 0.344001, 0.146544, 0, 0
11, 2700.00000, 0.344001, 0.146544, 0.344001, 0.146544, 0.344001, 0.146544, 0, 0
11, 2760.00000, 0.321978, 0.137162, 0.321978, 0.137162, 0.321978, 0.137162, 0, 0
11, 2820.00000, 0.321978, 0.137162, 0.321978, 0.137162, 0.321978, 0.137162, 0, 0
11, 2880.00000, 0.321978, 0.137162, 0.321978, 0.137162, 0.321978, 0.137162, 0, 0
11, 2940.00000, 0.321978, 0.137162, 0.321978, 0.137162, 0.321978, 0.137162, 0, 0
11, 3000.00000, 0.321978, 0.137162, 0.321978, 0.137162, 0.321978, 0.137162, 0, 0
11, 3060.00000, 0.321978, 0.137162, 0.321978, 0.137162, 0.321978, 0.137162, 0, 0
11, 3120.00000, 0.321978, 0.137162, 0.321978, 0.137162, 0.321978, 0.137162, 0, 0
11, 3180.00000, 0.321978, 0.137162, 0.321978, 0.137162, 0.321978, 0.137162, 0, 0
11, 3240.00000, 0.321978, 0.137162, 0.321978, 0.137162, 0.321978, 0.137162, 0, 0
11, 3300.00000, 0.321978, 0.137162, 0.321978, 0.137162, 0.321978, 0.137162, 0, 0
11, 3360.00000, 0.321978, 0.137162, 0.321978, 0.137162, 0.321978, 0.137162, 0, 0
11, 3420.00000, 0.321978, 0.137162, 0.321978, 0.137162, 0.321978, 0.137162, 0, 0
11, 3480.00000, 0.321978, 0.137162, 0.321978, 0.137162, 0.321978, 0.137162, 0, 0
11, 3540.00000, 0.321978, 0.137162, 0.321978, 0.137162, 0.321978, 0.137162, 0, 0
12, 0.00000, 0.321978, 0.137162, 0.321978, 0.137162, 0.321978, 0.137162, 0, 0
12, 60.00000, 0.316207, 0.134704, 0.316207, 0.134704, 0.316207, 0.134704, 0, 0
12, 120.00000, 0.316207, 0.134704, 0.316207, 0.134704, 0.316207, 0.134704, 0, 0
12, 180.00000, 0.316207, 0.134704, 0.316207, 0.134704, 0.316207, 0.134704, 0, 0
12, 240.00000, 0.316207, 0.134704, 0.316207, 0.134704, 0.316207, 0.134704, 0, 0
12, 300.00000, 0.316207, 0.134704, 0.316207, 0.134704, 0.316207, 0.134704, 0, 0
12, 360.00000, 0.316207, 0.134704, 0.316207, 0.134704, 0.316207, 0.134704, 0, 0
12, 420.00000, 0.316207, 0.134704, 0.316207, 0.134704, 0.316207, 0.134704, 0, 0
12, 480.00000, 0.316207, 0.134704, 0.316207, 0.134704, 0.316207, 0.134704, 0, 0
12, 540.00000, 0.316207, 0.134704, 0.316207, 0.134704, 0.316207, 0.134704, 0, 0
12, 600.00000, 0.316207, 0.134704, 0.316207, 0.134704, 0.316207, 0.134704, 0, 0
12, 660.00000, 0.316207, 0.134704, 0.316207, 0.134704, 0.316207, 0.134704, 0, 0
12, 720.00000, 0.316207, 0.134704, 0.316207, 0.134704, 0.316207, 0.134704, 0, 0
12, 780.00000, 0.316207, 0.134704, 0.316207, 0.134704, 0.316207, 0.134704, 0, 0
12, 840.00000, 0.316207, 0.134704, 0.316207, 0.134704, 0.316207, 0.134704, 0, 0
12, 900.00000, 0.316207, 0.134704, 0.316207, 0.134704, 0.316207, 0.134704, 0, 0
12, 960.00000, 0.295005, 0.125671, 0.295005, 0.125671, 0.295005, 0.125672, 0, 0
12, 1020.00000, 0.295005, 0.125671, 0.295005, 0.125671, 0.295005, 0.125671, 0, 0
12, 1080.00000, 0.295005, 0.125671, 0.295005, 0.125671, 0.295005, 0.125671, 0, 0
12, 1140.00000, 0.295005, 0.125671, 0.295005, 0.125671, 0.295005, 0.125671, 0, 0
12, 1200.00000, 0.295005, 0.125671, 0.295005, 0.125671, 0.295005, 0.125671, 0, 0
12, 1260.00000, 0.295005, 0.125671, 0.295005, 0.125671, 0.295005, 0.125671, 0, 0
12, 1320.00000, 0.295005, 0.125671, 0.295005, 0.125671, 0.295005, 0.125671, 0, 0
12, 1380.00000, 0.295005, 0.125671, 0.295005, 0.125671, 0.295005, 0.125671, 0, 0
12, 1440.00000, 0.295005, 0.125671, 0.295005, 0.125671, 0.295005, 0.125671, 0, 0
12, 1500.00000, 0.295005, 0.125671, 0.295005, 0.125671, 0.295005, 0.125671, 0, 0
12, 1560.00000, 0.295005, 0.125671, 0.295005, 0.125671, 0.295005, 0.125671, 0, 0
12, 1620.00000, 0.295005, 0.125671, 0.295005, 0.125671, 0.295005, 0.125671, 0, 0
12, 1680.00000, 0.295005, 0.125671, 0.295005, 0.125671, 0.295005, 0.125671, 0, 0
12, 1740.00000, 0.295005, 0.125671, 0.295005, 0.125671, 0.295005, 0.125671, 0, 0
12, 1800.00000, 0.295005, 0.125671, 0.295005, 0.125671, 0.295005, 0.125671, 0, 0
12, 1860.00000, 0.305862, 0.130297, 0.305862, 0.130297, 0.305862, 0.130297, 0, 0
12, 1920.00000, 0.305862, 0.130297, 0.305862, 0.130297, 0.305862, 0.130297, 0, 0
12, 1980.00000, 0.305862, 0.130297, 0.305862, 0.130297, 0.305862, 0.130297, 0, 0
12, 2040.00000, 0.305862, 0.130297, 0.305862, 0.130297, 0.305862, 0.130297, 0, 0
12, 2100.00000, 0.305862, 0.130297, 0.305862, 0.130297, 0.305862, 0.130297, 0, 0
12, 2160.00000, 0.305862, 0.130297, 0.305862, 0.130297, 0.305862, 0.130297, 0, 0
12, 2220.00000, 0.305862, 0.130297, 0.305862, 0.130297, 0.305862, 0.130297, 0, 0
12, 2280.00000, 0.305862, 0.130297, 0.305862, 0.130297, 0.305862, 0.130297, 0, 0
12, 2340.00000, 0.305862, 0.130297, 0.305862, 0.130297, 0.305862, 0.130297, 0, 0
12, 2400.00000, 0.305862, 0.130297, 0.305862, 0.130297, 0.305862, 0.130297, 0, 0
12, 2460.00000, 0.305862, 0.130297, 0.305862, 0.130297, 0.305862, 0.130297, 0, 0
12, 2520.00000, 0.305862, 0.130297, 0.305862, 0.130297, 0.305862, 0.130297, 0, 0
12, 2580.00000, 0.305862, 0.130297, 0.305862, 0.130297, 0.305862, 0.130297, 0, 0
12, 2640.00000, 0.305862, 0.130297, 0.305862, 0.130297, 0.305862, 0.130297, 0, 0
12, 2700.00000, 0.305862, 0.130297, 0.305862, 0.130297, 0.305862, 0.130297, 0, 0
12, 2760.00000, 0.36791, 0.156729, 0.36791, 0.156729, 0.36791, 0.156729, 0, 0
12, 2820.00000, 0.36791, 0.156729, 0.36791, 0.156729, 0.36791, 0.156729, 0, 0
12, 2880.00000, 0.36791, 0.156729, 0.36791, 0.156729, 0.36791, 0.156729, 0, 0
12, 2940.00000, 0.36791, 0.156729, 0.36791, 0.156729, 0.36791, 0.156729, 0, 0
12, 3000.00000, 0.36791, 0.156729, 0.36791, 0.156729, 0.36791, 0.156729, 0, 0
12, 3060.00000, 0.36791, 0.156729, 0.36791, 0.156729, 0.36791, 0.156729, 0, 0
12, 3120.00000, 0.36791, 0.156729, 0.36791, 0.156729, 0.36791, 0.156729, 0, 0
12, 3180.00000, 0.36791, 0.156729, 0.36791, 0.156729, 0.36791, 0.156729, 0, 0
12, 3240.00000, 0.36791, 0.156729, 0.36791, 0.156729, 0.36791, 0.156729, 0, 0
12, 3300.00000, 0.36791, 0.156729, 0.36791, 0.156729, 0.36791, 0.156729, 0, 0
12, 3360.00000, 0.36791, 0.156729, 0.36791, 0.156729, 0.36791, 0.156729, 0, 0
12, 3420.00000, 0.36791, 0.156729, 0.36791, 0.156729, 0.36791, 0.156729, 0, 0
12, 3480.00000, 0.36791, 0.156729, 0.36791, 0.156729, 0.36791, 0.156729, 0, 0
12, 3540.00000, 0.36791, 0.156729, 0.36791, 0.156729, 0.36791, 0.156729, 0, 0
13, 0.00000, 0.36791, 0.156729, 0.36791, 0.156729, 0.36791, 0.156729, 0, 0
13, 60.00000, 0.358666, 0.152791, 0.358666, 0.152791, 0.358666, 0.152791, 0, 0
13, 120.00000, 0.358666, 0.152791, 0.358666, 0.152791, 0.358666, 0.152791, 0, 0
13, 180.00000, 0.358666, 0.152791, 0.358666, 0.152791, 0.358666, 0.152791, 0, 0
13, 240.00000, 0.358666, 0.152791, 0.358666, 0.152791, 0.358666, 0.152791, 0, 0
13, 300.00000, 0.358666, 0.152791, 0.358666, 0.152791, 0.358666, 0.152791, 0, 0
13, 360.00000, 0.358666, 0.152791, 0.358666, 0.152791, 0.358666, 0.152791, 0, 0
13, 420.00000, 0.358666, 0.152791, 0.358666, 0.152791, 0.358666, 0.152791, 0, 0
13, 480.00000, 0.358666, 0.152791, 0.358666, 0.152791, 0.358666, 0.152791, 0, 0
13, 540.00000, 0.358666, 0.152791, 0.358666, 0.152791, 0.358666, 0.152791, 0, 0
13, 600.00000, 0.358666, 0.152791, 0.358666, 0.152791, 0.358666, 0.152791, 0, 0
13, 660.00000, 0.358666, 0.152791, 0.358666, 0.152791, 0.358666, 0.152791, 0, 0
13, 720.00000, 0.358666, 0.152791, 0.358666, 0.152791, 0.358666, 0.152791, 0, 0
13, 780.00000, 0.358666, 0.152791, 0.358666, 0.152791, 0.358666, 0.152791, 0, 0
13, 840.00000, 0.358666, 0.152791, 0.358666, 0.152791, 0.358666, 0.152791, 0, 0
13, 900.00000, 0.358666, 0.152791, 0.358666, 0.152791, 0.358666, 0.152791, 0, 0
13, 960.00000, 0.315058, 0.134214, 0.315058, 0.134214, 0.315058, 0.134214, 0, 0
13, 1020.00000, 0.315058, 0.134214, 0.315058, 0.134214, 0.315058, 0.134214, 0, 0
13, 1080.00000, 0.315058, 0.134214, 0.315058, 0.134214, 0.315058, 0.134214, 0, 0
13, 1140.00000, 0.315058, 0.134214, 0.315058, 0.134214, 0.315058, 0.134214, 0, 0
13, 1200.00000, 0.315058, 0.134214, 0.315058, 0.134214, 0.315058, 0.134214, 0, 0
13, 1260.00000, 0.315058, 0.134214, 0.315058, 0.134214, 0.315058, 0.134214, 0, 0
13, 1320.00000, 0.315058, 0.134214, 0.315058, 0.134214, 0.315058, 0.134214, 0, 0
13, 1380.00000, 0.315058, 0.134214, 0.315058, 0.134214, 0.315058, 0.134214, 0, 0
13, 1440.00000, 0.315058, 0.134214, 0.315058, 0.134214, 0.315058, 0.134214, 0, 0
13, 1500.00000, 0.315058, 0.134214, 0.315058, 0.134214, 0.315058, 0.134214, 0, 0
13, 1560.00000, 0.315058, 0.134214, 0.315058, 0.134214, 0.315058, 0.134214, 0, 0
13, 1620.00000, 0.315058, 0.134214, 0.315058, 0.134214, 0.315058, 0.134214, 0, 0
13, 1680.00000, 0.315058, 0.134214, 0.315058, 0.134214, 0.315058, 0.134214, 0, 0
13, 1740.00000, 0.315058, 0.134214, 0.315058, 0.134214, 0.315058, 0.134214, 0, 0
13, 1800.00000, 0.315058, 0.134214, 0.315058, 0.134214, 0.315058, 0.134214, 0, 0
13, 1860.00000, 0.327381, 0.139464, 0.327381, 0.139464, 0.327381, 0.139464, 0, 0
13, 1920.00000, 0.327381, 0.139464, 0.327381, 0.139464, 0.327381, 0.139464, 0, 0
13, 1980.00000, 0.327381, 0.139464, 0.327381, 0.139464, 0.327381, 0.139464, 0, 0
13, 2040.00000, 0.327381, 0.139464, 0.327381, 0.139464, 0.327381, 0.139464, 0, 0
13, 2100.00000, 0.327381, 0.139464, 0.327381, 0.139464, 0.327381, 0.139464, 0, 0
13, 2160.00000, 0.327381, 0.139464, 0.327381, 0.139464, 0.327381, 0.139464, 0, 0
13, 2220.00000, 0.327381, 0.139464, 0.327381, 0.139464, 0.327381, 0.139464, 0, 0
13, 2280.00000, 0.327381, 0.139464, 0.327381, 0.139464, 0.327381, 0.139464, 0, 0
13, 2340.00000, 0.327381, 0.139464, 0.327381, 0.139464, 0.327381, 0.139464, 0, 0
13, 2400.00000, 0.327381, 0.139464, 0.327381, 0.139464, 0.327381, 0.139464, 0, 0
13, 2460.00000, 0.327381, 0.139464, 0.327381, 0.139464, 0.327381, 0.139464, 0, 0
13, 2520.00000, 0.327381, 0.139464, 0.327381, 0.139464, 0.327381, 0.139464, 0, 0
13, 2580.00000, 0.327381, 0.139464, 0.327381, 0.139464, 0.327381, 0.139464, 0, 0
13, 2640.00000, 0.327381, 0.139464, 0.327381, 0.139464, 0.327381, 0.139464, 0, 0
13, 2700.00000, 0.327381, 0.139464, 0.327381, 0.139464, 0.327381, 0.139464, 0, 0
13, 2760.00000, 0.420023, 0.178929, 0.420023, 0.178929, 0.420023, 0.178929, 0, 0
13, 2820.00000, 0.420023, 0.178929, 0.420023, 0.178929, 0.420023, 0.178929, 0, 0
13, 2880.00000, 0.420023, 0.178929, 0.420023, 0.178929, 0.420023, 0.178929, 0, 0
13, 2940.00000, 0.420023, 0.178929, 0.420023, 0.178929, 0.420023, 0.178929, 0, 0
13, 3000.00000, 0.420023, 0.178929, 0.420023, 0.178929, 0.420023, 0.178929, 0, 0
13, 3060.00000, 0.420023, 0.178929, 0.420023, 0.178929, 0.420023, 0.178929, 0, 0
13, 3120.00000, 0.420023, 0.178929, 0.420023, 0.178929, 0.420023, 0.178929, 0, 0
13, 3180.00000, 0.420023, 0.178929, 0.420023, 0.178929, 0.420023, 0.178929, 0, 0
13, 3240.00000, 0.420023, 0.178929, 0.420023, 0.178929, 0.420023, 0.178929, 0, 0
13, 3300.00000, 0.420023, 0.178929, 0.420023, 0.178929, 0.420023, 0.178929, 0, 0
13, 3360.00000, 0.420023, 0.178929, 0.420023, 0.178929, 0.420023, 0.178929, 0, 0
13, 3420.00000, 0.420023, 0.178929, 0.420023, 0.178929, 0.420023, 0.178929, 0, 0
13, 3480.00000, 0.420023, 0.178929, 0.420023, 0.178929, 0.420023, 0.178929, 0, 0
13, 3540.00000, 0.420023, 0.178929, 0.420023, 0.178929, 0.420023, 0.178929, 0, 0
14, 0.00000, 0.420023, 0.178929, 0.420023, 0.178929, 0.420023, 0.178929, 0, 0
14, 60.00000, 0.402268, 0.171365, 0.402268, 0.171365, 0.402268, 0.171365, 0, 0
14, 120.00000, 0.402268, 0.171365, 0.402268, 0.171365, 0.402268, 0.171365, 0, 0
14, 180.00000, 0.402268, 0.171365, 0.402268, 0.171365, 0.402268, 0.171365, 0, 0
14, 240.00000, 0.402268, 0.171365, 0.402268, 0.171365, 0.402268, 0.171365, 0, 0
14, 300.00000, 0.402268, 0.171365, 0.402268, 0.171365, 0.402268, 0.171365, 0, 0
14, 360.00000, 0.402268, 0.171365, 0.402268, 0.171365, 0.402268, 0.171365, 0, 0
14, 420.00000, 0.402268, 0.171365, 0.402268, 0.171365, 0.402268, 0.171365, 0, 0
14, 480.00000, 0.402268, 0.171365, 0.402268, 0.171365, 0.402268, 0.171365, 0, 0
14, 540.00000, 0.402268, 0.171365, 0.402268, 0.171365, 0.402268, 0.171365, 0, 0
14, 600.00000, 0.402268, 0.171365, 0.402268, 0.171365, 0.402268, 0.171365, 0, 0
14, 660.00000, 0.402268, 0.171365, 0.402268, 0.171365, 0.402268, 0.171365, 0, 0
14, 720.00000, 0.402268, 0.171365, 0.402268, 0.171365, 0.402268, 0.171365, 0, 0
14, 780.00000, 0.402268, 0.171365, 0.402268, 0.171365, 0.402268, 0.171365, 0, 0
14, 840.00000, 0.402268, 0.171365, 0.402268, 0.171365, 0.402268, 0.171365, 0, 0
14, 900.00000, 0.402268, 0.171365, 0.402268, 0.171365, 0.402268, 0.171365, 0, 0
14, 960.00000, 0.404101, 0.172146, 0.404101, 0.172146, 0.404101, 0.172146, 0, 0
14, 1020.00000, 0.404101, 0.172146, 0.404101, 0.172146, 0.404101, 0.172146, 0, 0
14, 1080.00000, 0.404101, 0.172146, 0.404101, 0.172146, 0.404101, 0.172146, 0, 0
14, 1140.00000, 0.404101, 0.172146, 0.404101, 0.172146, 0.404101, 0.172146, 0, 0
14, 1200.00000, 0.404101, 0.172146, 0.404101, 0.172146, 0.404101, 0.172146, 0, 0
14, 1260.00000, 0.404101, 0.172146, 0.404101, 0.172146, 0.404101, 0.172146, 0, 0
14, 1320.00000, 0.404101, 0.172146, 0.404101, 0.172146, 0.404101, 0.172146, 0, 0
14, 1380.00000, 0.404101, 0.172146, 0.404101, 0.172146, 0.404101, 0.172146, 0, 0
14, 1440.00000, 0.404101, 0.172146, 0.404101, 0.172146, 0.404101, 0.172146, 0, 0
14, 1500.00000, 0.404101, 0.172146, 0.404101, 0.172146, 0.404101, 0.172146, 0, 0
14, 1560.00000, 0.404101, 0.172146, 0.404101, 0.172146, 0.404101, 0.172146, 0, 0
14, 1620.00000, 0.404101, 0.172146, 0.404101, 0.172146, 0.404101, 0.172146, 0, 0
14, 1680.00000, 0.404101, 0.172146, 0.404101, 0.172146, 0.404101, 0.172146, 0, 0
14, 1740.00000, 0.404101, 0.172146, 0.404101, 0.172146, 0.404101, 0.172146, 0, 0
14, 1800.00000, 0.404101, 0.172146, 0.404101, 0.172146, 0.404101, 0.172146, 0, 0
14, 1860.00000, 0.395166, 0.16834, 0.395166, 0.16834, 0.395166, 0.16834, 0, 0
14, 1920.00000, 0.395166, 0.16834, 0.395166, 0.16834, 0.395166, 0.16834, 0, 0
14, 1980.00000, 0.395166, 0.16834, 0.395166, 0.16834, 0.395166, 0.16834, 0, 0
14, 2040.00000, 0.395166, 0.16834, 0.395166, 0.16834, 0.395166, 0.16834, 0, 0
14, 2100.00000, 0.395166, 0.16834, 0.395166, 0.16834, 0.395166, 0.16834, 0, 0
14, 2160.00000, 0.395166, 0.16834, 0.395166, 0.16834, 0.395166, 0.16834, 0, 0
14, 2220.00000, 0.395166, 0.16834, 0.395166, 0.16834, 0.395166, 0.16834, 0, 0
14, 2280.00000, 0.395166, 0.16834, 0.395166, 0.16834, 0.395166, 0.16834, 0, 0
14, 2340.00000, 0.395166, 0.16834, 0.395166, 0.16834, 0.395166, 0.16834, 0, 0
14, 2400.00000, 0.395166, 0.16834, 0.395166, 0.16834, 0.395166, 0.16834, 0, 0
14, 2460.00000, 0.395166, 0.16834, 0.395166, 0.16834, 0.395166, 0.16834, 0, 0
14, 2520.00000, 0.395166, 0.16834, 0.395166, 0.16834, 0.395166, 0.16834, 0, 0
14, 2580.00000, 0.395166, 0.16834, 0.395166, 0.16834, 0.395166, 0.16834, 0, 0
14, 2640.00000, 0.395166, 0.16834, 0.395166, 0.16834, 0.395166, 0.16834, 0, 0
14, 2700.00000, 0.395166, 0.16834, 0.395166, 0.16834, 0.395166, 0.16834, 0, 0
14, 2760.00000, 0.412743, 0.175828, 0.412743, 0.175828, 0.412743, 0.175828, 0, 0
14, 2820.00000, 0.412743, 0.175828, 0.412743, 0.175828, 0.412743, 0.175828, 0, 0
14, 2880.00000, 0.412743, 0.175828, 0.412743, 0.175828, 0.412743, 0.175828, 0, 0
14, 2940.00000, 0.412743, 0.175828, 0.412743, 0.175828, 0.412743, 0.175828, 0, 0
14, 3000.00000, 0.412743, 0.175828, 0.412743, 0.175828, 0.412743, 0.175828, 0, 0
14, 3060.00000, 0.412743, 0.175828, 0.412743, 0.175828, 0.412743, 0.175828, 0, 0
14, 3120.00000, 0.412743, 0.175828, 0.412743, 0.175828, 0.412743, 0.175828, 0, 0
14, 3180.00000, 0.412743, 0.175828, 0.412743, 0.175828, 0.412743, 0.175828, 0, 0
14, 3240.00000, 0.412743, 0.175828, 0.412743, 0.175828, 0.412743, 0.175828, 0, 0
14, 3300.00000, 0.412743, 0.175828, 0.412743, 0.175828, 0.412743, 0.175828, 0, 0
14, 3360.00000, 0.412743, 0.175828, 0.412743, 0.175828, 0.412743, 0.175828, 0, 0
14, 3420.00000, 0.412743, 0.175828, 0.412743, 0.175828, 0.412743, 0.175828, 0, 0
14, 3480.00000, 0.412743, 0.175828, 0.412743, 0.175828, 0.412743, 0.175828, 0, 0
14, 3540.00000, 0.412743, 0.175828, 0.412743, 0.175828, 0.412743, 0.175828, 0, 0
15, 0.00000, 0.412743, 0.175828, 0.412743, 0.175828, 0.412743, 0.175828, 0, 0
15, 60.00000, 0.463072, 0.197268, 0.463072, 0.197268, 0.463072, 0.197268, 0, 0
15, 120.00000, 0.463072, 0.197268, 0.463072, 0.197268, 0.463072, 0.197268, 0, 0
15, 180.00000, 0.463072, 0.197268, 0.463072, 0.197268, 0.463072, 0.197268, 0, 0
15, 240.00000, 0.463072, 0.197268, 0.463072, 0.197268, 0.463072, 0.197268, 0, 0
15, 300.00000, 0.463072, 0.197268, 0.463072, 0.197268, 0.463072, 0.197268, 0, 0
15, 360.00000, 0.463072, 0.197268, 0.463072, 0.197268, 0.463072, 0.197268, 0, 0
15, 420.00000, 0.463072, 0.197268, 0.463072, 0.197268, 0.463072, 0.197268, 0, 0
15, 480.00000, 0.463072, 0.197268, 0.463072, 0.197268, 0.463072, 0.197268, 0, 0
15, 540.00000, 0.463072, 0.197268, 0.463072, 0.197268, 0.463072, 0.197268, 0, 0
15, 600.00000, 0.463072, 0.197268, 0.463072, 0.197268, 0.463072, 0.197268, 0, 0
15, 660.00000, 0.463072, 0.197268, 0.463072, 0.197268, 0.463072, 0.197268, 0, 0
15, 720.00000, 0.463072, 0.197268, 0.463072, 0.197268, 0.463072, 0.197268, 0, 0
15, 780.00000, 0.463072, 0.197268, 0.463072, 0.197268, 0.463072, 0.197268, 0, 0
15, 840.00000, 0.463072, 0.197268, 0.463072, 0.197268, 0.463072, 0.197268, 0, 0
15, 900.00000, 0.463072, 0.197268, 0.463072, 0.197268, 0.463072, 0.197268, 0, 0
15, 960.00000, 0.419981, 0.178911, 0.419981, 0.178911, 0.419981, 0.178911, 0, 0
15, 1020.00000, 0.419981, 0.178911, 0.419981, 0.178911, 0.419981, 0.178911, 0, 0
15, 1080.00000, 0.419981, 0.178911, 0.419981, 0.178911, 0.419981, 0.178911, 0, 0
15, 1140.00000, 0.419981, 0.178911, 0.419981, 0.178911, 0.419981, 0.178911, 0, 0
15, 1200.00000, 0.419981, 0.178911, 0.419981, 0.178911, 0.419981, 0.178911, 0, 0
15, 1260.00000, 0.419981, 0.178911, 0.419981, 0.178911, 0.419981, 0.178911, 0, 0
15, 1320.00000, 0.419981, 0.178911, 0.419981, 0.178911, 0.419981, 0.178911, 0, 0
15, 1380.00000, 0.419981, 0.178911, 0.419981, 0.178911, 0.419981, 0.178911, 0, 0
15, 1440.00000, 0.419981, 0.178911, 0.419981, 0.178911, 0.419981, 0.178911, 0, 0
15, 1500.00000, 0.419981, 0.178911, 0.419981, 0.178911, 0.419981, 0.178911, 0, 0
15, 1560.00000, 0.419981, 0.178911, 0.419981, 0.178911, 0.419981, 0.178911, 0, 0
15, 1620.00000, 0.419981, 0.178911, 0.419981, 0.178911, 0.419981, 0.178911, 0, 0
15, 1680.00000, 0.419981, 0.178911, 0.419981, 0.178911, 0.419981, 0.178911, 0, 0
15, 1740.00000, 0.419981, 0.178911, 0.419981, 0.178911, 0.419981, 0.178911, 0, 0
15, 1800.00000, 0.419981, 0.178911, 0.419981, 0.178911, 0.419981, 0.178911, 0, 0
15, 1860.00000, 0.427771, 0.18223, 0.427772, 0.18223, 0.427772, 0.18223, 0, 0
15, 1920.00000, 0.427772, 0.18223, 0.427772, 0.18223, 0.427772, 0.18223, 0, 0
15, 1980.00000, 0.427772, 0.18223, 0.427772, 0.18223, 0.427772, 0.18223, 0, 0
15, 2040.00000, 0.427772, 0.18223, 0.427772, 0.18223, 0.427772, 0.18223, 0, 0
15, 2100.00000, 0.427772, 0.18223, 0.427772, 0.18223, 0.427772, 0.18223, 0, 0
15, 2160.00000, 0.427772, 0.18223, 0.427772, 0.18223, 0.427772, 0.18223, 0, 0
15, 2220.00000, 0.427772, 0.18223, 0.427772, 0.18223, 0.427772, 0.18223, 0, 0
15, 2280.00000, 0.427772, 0.18223, 0.427772, 0.18223, 0.427772, 0.18223, 0, 0
15, 2340.00000, 0.427772, 0.18223, 0.427772, 0.18223, 0.427772, 0.18223, 0, 0
15, 2400.00000, 0.427772, 0.18223, 0.427772, 0.18223, 0.427772, 0.18223, 0, 0
15, 2460.00000, 0.427772, 0.18223, 0.427772, 0.18223, 0.427772, 0.18223, 0, 0
15, 2520.00000, 0.427772, 0.18223, 0.427772, 0.18223, 0.427772, 0.18223, 0, 0
15, 2580.00000, 0.427772, 0.18223, 0.427772, 0.18223, 0.427772, 0.18223, 0, 0
15, 2640.00000, 0.427772, 0.18223, 0.427772, 0.18223, 0.427772, 0.18223, 0, 0
15, 2700.00000, 0.427771, 0.18223, 0.427772, 0.18223, 0.427772, 0.18223, 0, 0
15, 2760.00000, 0.429652, 0.183031, 0.429652, 0.183031, 0.429652, 0.183031, 0, 0
15, 2820.00000, 0.429652, 0.183031, 0.429652, 0.183031, 0.429652, 0.183031, 0, 0
15, 2880.00000, 0.429652, 0.183031, 0.429652, 0.183031, 0.429652, 0.183031, 0, 0
15, 2940.00000, 0.429652, 0.183031, 0.429652, 0.183031, 0.429652, 0.183031, 0, 0
15, 3000.00000, 0.429652, 0.183031, 0.429652, 0.183031, 0.429652, 0.183031, 0, 0
15, 3060.00000, 0.429652, 0.183031, 0.429652, 0.183031, 0.429652, 0.183031, 0, 0
15, 3120.00000, 0.429652, 0.183031, 0.429652, 0.183031, 0.429652, 0.183031, 0, 0
15, 3180.00000, 0.429652, 0.183031, 0.429652, 0.183031, 0.429652, 0.183031, 0, 0
15, 3240.00000, 0.429652, 0.183031, 0.429652, 0.183031, 0.429652, 0.183031, 0, 0
15, 3300.00000, 0.429652, 0.183031, 0.429652, 0.183031, 0.429652, 0.183031, 0, 0
15, 3360.00000, 0.429652, 0.183031, 0.429652, 0.183031, 0.429652, 0.183031, 0, 0
15, 3420.00000, 0.429652, 0.183031, 0.429652, 0.183031, 0.429652, 0.183031, 0, 0
15, 3480.00000, 0.429652, 0.183031, 0.429652, 0.183031, 0.429652, 0.183031, 0, 0
15, 3540.00000, 0.429652, 0.183031, 0.429652, 0.183031, 0.429652, 0.183031, 0, 0
16, 0.00000, 0.429652, 0.183031, 0.429652, 0.183031, 0.429652, 0.183031, 0, 0
16, 60.00000, 0.525732, 0.223961, 0.525732, 0.223961, 0.525731, 0.223961, 0, 0
16, 120.00000, 0.525732, 0.223961, 0.525732, 0.223961, 0.525732, 0.223961, 0, 0
16, 180.00000, 0.525732, 0.223961, 0.525732, 0.223961, 0.525732, 0.223961, 0, 0
16, 240.00000, 0.525732, 0.223961, 0.525732, 0.223961, 0.525732, 0.223961, 0, 0
16, 300.00000, 0.525732, 0.223961, 0.525732, 0.223961, 0.525732, 0.223961, 0, 0
16, 360.00000, 0.525732, 0.223961, 0.525732, 0.223961, 0.525732, 0.223961, 0, 0
16, 420.00000, 0.525732, 0.223961, 0.525732, 0.223961, 0.525732, 0.223961, 0, 0
16, 480.00000, 0.525732, 0.223961, 0.525732, 0.223961, 0.525732, 0.223961, 0, 0
16, 540.00000, 0.525732, 0.223961, 0.525732, 0.223961, 0.525732, 0.223961, 0, 0
16, 600.00000, 0.525732, 0.223961, 0.525732, 0.223961, 0.525732, 0.223961, 0, 0
16, 660.00000, 0.525732, 0.223961, 0.525732, 0.223961, 0.525732, 0.223961, 0, 0
16, 720.00000, 0.525732, 0.223961, 0.525732, 0.223961, 0.525732, 0.223961, 0, 0
16, 780.00000, 0.525732, 0.223961, 0.525732, 0.223961, 0.525732, 0.223961, 0, 0
16, 840.00000, 0.525732, 0.223961, 0.525732, 0.223961, 0.525732, 0.223961, 0, 0
16, 900.00000, 0.525732, 0.223961, 0.525732, 0.223961, 0.525731, 0.22396, 0, 0
16, 960.00000, 0.531714, 0.226509, 0.531714, 0.226509, 0.531714, 0.226509, 0, 0
16, 1020.00000, 0.531714, 0.226509, 0.531714, 0.226509, 0.531714, 0.226509, 0, 0
16, 1080.00000, 0.531714, 0.226509, 0.531714, 0.226509, 0.531714, 0.226509, 0, 0
16, 1140.00000, 0.531714, 0.226509, 0.531714, 0.226509, 0.531714, 0.226509, 0, 0
16, 1200.00000, 0.531714, 0.226509, 0.531714, 0.226509, 0.531714, 0.226509, 0, 0
16, 1260.00000, 0.531714, 0.226509, 0.531714, 0.226509, 0.531714, 0.226509, 0, 0
16, 1320.00000, 0.531714, 0.226509, 0.531714, 0.226509, 0.531714, 0.226509, 0, 0
16, 1380.00000, 0.531714, 0.226509, 0.531714, 0.226509, 0.531714, 0.226509, 0, 0
16, 1440.00000, 0.531714, 0.226509, 0.531714, 0.226509, 0.531714, 0.226509, 0, 0
16, 1500.00000, 0.531714, 0.226509, 0.531714, 0.226509, 0.531714, 0.226509, 0, 0
16, 1560.00000, 0.531714, 0.226509, 0.531714, 0.226509, 0.531714, 0.226509, 0, 0
16, 1620.00000, 0.531714, 0.226509, 0.531714, 0.226509, 0.531714, 0.226509, 0, 0
16, 1680.00000, 0.531714, 0.226509, 0.531714, 0.226509, 0.531714, 0.226509, 0, 0
16, 1740.00000, 0.531714, 0.226509, 0.531714, 0.226509, 0.531714, 0.226509, 0, 0
16, 1800.00000, 0.531714, 0.226509, 0.531714, 0.226509, 0.531714, 0.226509, 0, 0
16, 1860.00000, 0.367664, 0.156624, 0.367664, 0.156624, 0.367664, 0.156624, 0, 0
16, 1920.00000, 0.367664, 0.156624, 0.367664, 0.156624, 0.367664, 0.156624, 0, 0
16, 1980.00000, 0.367664, 0.156624, 0.367664, 0.156624, 0.367664, 0.156624, 0, 0
16, 2040.00000, 0.367664, 0.156624, 0.367664, 0.156624, 0.367664, 0.156624, 0, 0
16, 2100.00000, 0.367664, 0.156624, 0.367664, 0.156624, 0.367664, 0.156624, 0, 0
16, 2160.00000, 0.367664, 0.156624, 0.367664, 0.156624, 0.367664, 0.156624, 0, 0
16, 2220.00000, 0.367664, 0.156624, 0.367664, 0.156624, 0.367664, 0.156624, 0, 0
16, 2280.00000, 0.367664, 0.156624, 0.367664, 0.156624, 0.367664, 0.156624, 0, 0
16, 2340.00000, 0.367664, 0.156624, 0.367664, 0.156624, 0.367664, 0.156624, 0, 0
16, 2400.00000, 0.367664, 0.156624, 0.367664, 0.156624, 0.367664, 0.156624, 0, 0
16, 2460.00000, 0.367664, 0.156624, 0.367664, 0.156624, 0.367664, 0.156624, 0, 0
16, 2520.00000, 0.367664, 0.156624, 0.367664, 0.156624, 0.367664, 0.156624, 0, 0
16, 2580.00000, 0.367664, 0.156624, 0.367664, 0.156624, 0.367664, 0.156624, 0, 0
16, 2640.00000, 0.367664, 0.156624, 0.367664, 0.156624, 0.367664, 0.156624, 0, 0
16, 2700.00000, 0.367664, 0.156624, 0.367664, 0.156624, 0.367664, 0.156624, 0, 0
16, 2760.00000, 0.412769, 0.175839, 0.412769, 0.175839, 0.412769, 0.175839, 0, 0
16, 2820.00000, 0.412769, 0.175839, 0.412769, 0.175839, 0.412769, 0.175839, 0, 0
16, 2880.00000, 0.412769, 0.175839, 0.412769, 0.175839, 0.412769, 0.175839, 0, 0
16, 2940.00000, 0.412769, 0.175839, 0.412769, 0.175839, 0.412769, 0.175839, 0, 0
16, 3000.00000, 0.412769, 0.175839, 0.412769, 0.175839, 0.412769, 0.175839, 0, 0
16, 3060.00000, 0.412769, 0.175839, 0.412769, 0.175839, 0.412769, 0.175839, 0, 0
16, 3120.00000, 0.412769, 0.175839, 0.412769, 0.175839, 0.412769, 0.175839, 0, 0
16, 3180.00000, 0.412769, 0.175839, 0.412769, 0.175839, 0.412769, 0.175839, 0, 0
16, 3240.00000, 0.412769, 0.175839, 0.412769, 0.175839, 0.412769, 0.175839, 0, 0
16, 3300.00000, 0.412769, 0.175839, 0.412769, 0.175839, 0.412769, 0.175839, 0, 0
16, 3360.00000, 0.412769, 0.175839, 0.412769, 0.175839, 0.412769, 0.175839, 0, 0
16, 3420.00000, 0.412769, 0.175839, 0.412769, 0.175839, 0.412769, 0.175839, 0, 0
16, 3480.00000, 0.412769, 0.175839, 0.412769, 0.175839, 0.412769, 0.175839, 0, 0
16, 3540.00000, 0.412769, 0.175839, 0.412769, 0.175839, 0.412769, 0.175839, 0, 0
17, 0.00000, 0.412769, 0.175839, 0.412769, 0.175839, 0.412769, 0.175839, 0, 0
17, 60.00000, 0.437326, 0.1863, 0.437326, 0.1863, 0.437325, 0.1863, 0, 0
17, 120.00000, 0.437326, 0.1863, 0.437326, 0.1863, 0.437326, 0.1863, 0, 0
17, 180.00000, 0.437326, 0.1863, 0.437326, 0.1863, 0.437326, 0.1863, 0, 0
17, 240.00000, 0.437326, 0.1863, 0.437326, 0.1863, 0.437326, 0.1863, 0, 0
17, 300.00000, 0.437326, 0.1863, 0.437326, 0.1863, 0.437326, 0.1863, 0, 0
17, 360.00000, 0.437326, 0.1863, 0.437326, 0.1863, 0.437326, 0.1863, 0, 0
17, 420.00000, 0.437326, 0.1863, 0.437326, 0.1863, 0.437326, 0.1863, 0, 0
17, 480.00000, 0.437326, 0.1863, 0.437326, 0.1863, 0.437326, 0.1863, 0, 0
17, 540.00000, 0.437326, 0.1863, 0.437326, 0.1863, 0.437326, 0.1863, 0, 0
17, 600.00000, 0.437326, 0.1863, 0.437326, 0.1863, 0.437326, 0.1863, 0, 0
17, 660.00000, 0.437326, 0.1863, 0.437326, 0.1863, 0.437326, 0.1863, 0, 0
17, 720.00000, 0.437326, 0.1863, 0.437326, 0.1863, 0.437326, 0.1863, 0, 0
17, 780.00000, 0.437326, 0.1863, 0.437326, 0.1863, 0.437326, 0.1863, 0, 0
17, 840.00000, 0.437326, 0.1863, 0.437326, 0.1863, 0.437326, 0.1863, 0, 0
17, 900.00000, 0.437326, 0.1863, 0.437326, 0.1863, 0.437325, 0.1863, 0, 0
17, 960.00000, 0.455427, 0.194011, 0.455427, 0.194011, 0.455427, 0.194011, 0, 0
17, 1020.00000, 0.455427, 0.194011, 0.455427, 0.194011, 0.455427, 0.194011, 0, 0
17, 1080.00000, 0.455427, 0.194011, 0.455427, 0.194011, 0.455427, 0.194011, 0, 0
17, 1140.00000, 0.455427, 0.194011, 0.455427, 0.194011, 0.455427, 0.194011, 0, 0
17, 1200.00000, 0.455427, 0.194011, 0.455427, 0.194011, 0.455427, 0.194011, 0, 0
17, 1260.00000, 0.455427, 0.194011, 0.455427, 0.194011, 0.455427, 0.194011, 0, 0
17, 1320.00000, 0.455427, 0.194011, 0.455427, 0.194011, 0.455427, 0.194011, 0, 0
17, 1380.00000, 0.455427, 0.194011, 0.455427, 0.194011, 0.455427, 0.194011, 0, 0
17, 1440.00000, 0.455427, 0.194011, 0.455427, 0.194011, 0.455427, 0.194011, 0, 0
17, 1500.00000, 0.455427, 0.194011, 0.455427, 0.194011, 0.455427, 0.194011, 0, 0
17, 1560.00000, 0.455427, 0.194011, 0.455427, 0.194011, 0.455427, 0.194011, 0, 0
17, 1620.00000, 0.455427, 0.194011, 0.455427, 0.194011, 0.455427, 0.194011, 0, 0
17, 1680.00000, 0.455427, 0.194011, 0.455427, 0.194011, 0.455427, 0.194011, 0, 0
17, 1740.00000, 0.455427, 0.194011, 0.455427, 0.194011, 0.455427, 0.194011, 0, 0
17, 1800.00000, 0.455427, 0.194011, 0.455427, 0.194011, 0.455427, 0.194011, 0, 0
17, 1860.00000, 0.446878, 0.190369, 0.446878, 0.190369, 0.446879, 0.19037, 0, 0
17, 1920.00000, 0.446878, 0.190369, 0.446878, 0.190369, 0.446878, 0.190369, 0, 0
17, 1980.00000, 0.446878, 0.190369, 0.446878, 0.190369, 0.446878, 0.190369, 0, 0
17, 2040.00000, 0.446878, 0.190369, 0.446878, 0.190369, 0.446878, 0.190369, 0, 0
17, 2100.00000, 0.446878, 0.190369, 0.446878, 0.190369, 0.446878, 0.190369, 0, 0
17, 2160.00000, 0.446878, 0.190369, 0.446878, 0.190369, 0.446878, 0.190369, 0, 0
17, 2220.00000, 0.446878, 0.190369, 0.446878, 0.190369, 0.446878, 0.190369, 0, 0
17, 2280.00000, 0.446878, 0.190369, 0.446878, 0.190369, 0.446878, 0.190369, 0, 0
17, 2340.00000, 0.446878, 0.190369, 0.446878, 0.190369, 0.446878, 0.190369, 0, 0
17, 2400.00000, 0.446878, 0.190369, 0.446878, 0.190369, 0.446878, 0.190369, 0, 0
17, 2460.00000, 0.446878, 0.190369, 0.446878, 0.190369, 0.446878, 0.190369, 0, 0
17, 2520.00000, 0.446878, 0.190369, 0.446878, 0.190369, 0.446878, 0.190369, 0, 0
17, 2580.00000, 0.446878, 0.190369, 0.446878, 0.190369, 0.446878, 0.190369, 0, 0
17, 2640.00000, 0.446878, 0.190369, 0.446878, 0.190369, 0.446878, 0.190369, 0, 0
17, 2700.00000, 0.446878, 0.190369, 0.446878, 0.190369, 0.446878, 0.190369, 0, 0
17, 2760.00000, 0.404747, 0.172421, 0.404747, 0.172421, 0.404747, 0.172421, 0, 0
17, 2820.00000, 0.404747, 0.172421, 0.404747, 0.172421, 0.404747, 0.172421, 0, 0
17, 2880.00000, 0.404747, 0.172421, 0.404747, 0.172421, 0.404747, 0.172421, 0, 0
17, 2940.00000, 0.404747, 0.172421, 0.404747, 0.172421, 0.404747, 0.172421, 0, 0
17, 3000.00000, 0.404747, 0.172421, 0.404747, 0.172421, 0.404747, 0.172421, 0, 0
17, 3060.00000, 0.404747, 0.172421, 0.404747, 0.172421, 0.404747, 0.172421, 0, 0
17, 3120.00000, 0.404747, 0.172421, 0.404747, 0.172421, 0.404747, 0.172421, 0, 0
17, 3180.00000, 0.404747, 0.172421, 0.404747, 0.172421, 0.404747, 0.172421, 0, 0
17, 3240.00000, 0.404747, 0.172421, 0.404747, 0.172421, 0.404747, 0.172421, 0, 0
17, 3300.00000, 0.404747, 0.172421, 0.404747, 0.172421, 0.404747, 0.172421, 0, 0
17, 3360.00000, 0.404747, 0.172421, 0.404747, 0.172421, 0.404747, 0.172421, 0, 0
17, 3420.00000, 0.404747, 0.172421, 0.404747, 0.172421, 0.404747, 0.172421, 0, 0
17, 3480.00000, 0.404747, 0.172421, 0.404747, 0.172421, 0.404747, 0.172421, 0, 0
17, 3540.00000, 0.404747, 0.172421, 0.404747, 0.172421, 0.404747, 0.172421, 0, 0
18, 0.00000, 0.404747, 0.172421, 0.404747, 0.172421, 0.404747, 0.172421, 0, 0
18, 60.00000, 0.423204, 0.180284, 0.423204, 0.180284, 0.423204, 0.180284, 0, 0
18, 120.00000, 0.423204, 0.180284, 0.423204, 0.180284, 0.423204, 0.180284, 0, 0
18, 180.00000, 0.423204, 0.180284, 0.423204, 0.180284, 0.423204, 0.180284, 0, 0
18, 240.00000, 0.423204, 0.180284, 0.423204, 0.180284, 0.423204, 0.180284, 0, 0
18, 300.00000, 0.423204, 0.180284, 0.423204, 0.180284, 0.423204, 0.180284, 0, 0
18, 360.00000, 0.423204, 0.180284, 0.423204, 0.180284, 0.423204, 0.180284, 0, 0
18, 420.00000, 0.423204, 0.180284, 0.423204, 0.180284, 0.423204, 0.180284, 0, 0
18, 480.00000, 0.423204, 0.180284, 0.423204, 0.180284, 0.423204, 0.180284, 0, 0
18, 540.00000, 0.423204, 0.180284, 0.423204, 0.180284, 0.423204, 0.180284, 0, 0
18, 600.00000, 0.423204, 0.180284, 0.423204, 0.180284, 0.423204, 0.180284, 0, 0
18, 660.00000, 0.423204, 0.180284, 0.423204, 0.180284, 0.423204, 0.180284, 0, 0
18, 720.00000, 0.423204, 0.180284, 0.423204, 0.180284, 0.423204, 0.180284, 0, 0
18, 780.00000, 0.423204, 0.180284, 0.423204, 0.180284, 0.423204, 0.180284, 0, 0
18, 840.00000, 0.423204, 0.180284, 0.423204, 0.180284, 0.423204, 0.180284, 0, 0
18, 900.00000, 0.423204, 0.180284, 0.423204, 0.180284, 0.423204, 0.180284, 0, 0
18, 960.00000, 0.422986, 0.180191, 0.422986, 0.180191, 0.422985, 0.180191, 0, 0
18, 1020.00000, 0.422986, 0.180191, 0.422986, 0.180191, 0.422986, 0.180191, 0, 0
18, 1080.00000, 0.422986, 0.180191, 0.422986, 0.180191, 0.422986, 0.180191, 0, 0
18, 1140.00000, 0.422986, 0.180191, 0.422986, 0.180191, 0.422986, 0.180191, 0, 0
18, 1200.00000, 0.422986, 0.180191, 0.422986, 0.180191, 0.422986, 0.180191, 0, 0
18, 1260.00000, 0.422986, 0.180191, 0.422986, 0.180191, 0.422986, 0.180191, 0, 0
18, 1320.00000, 0.422986, 0.180191, 0.422986, 0.180191, 0.422986, 0.180191, 0, 0
18, 1380.00000, 0.422986, 0.180191, 0.422986, 0.180191, 0.422986, 0.180191, 0, 0
18, 1440.00000, 0.422986, 0.180191, 0.422986, 0.180191, 0.422986, 0.180191, 0, 0
18, 1500.00000, 0.422986, 0.180191, 0.422986, 0.180191, 0.422986, 0.180191, 0, 0
18, 1560.00000, 0.422986, 0.180191, 0.422986, 0.180191, 0.422986, 0.180191, 0, 0
18, 1620.00000, 0.422986, 0.180191, 0.422986, 0.180191, 0.422986, 0.180191, 0, 0
18, 1680.00000, 0.422986, 0.180191, 0.422986, 0.180191, 0.422986, 0.180191, 0, 0
18, 1740.00000, 0.422986, 0.180191, 0.422986, 0.180191, 0.422986, 0.180191, 0, 0
18, 1800.00000, 0.422986, 0.180191, 0.422986, 0.180191, 0.422985, 0.180191, 0, 0
18, 1860.00000, 0.427778, 0.182233, 0.427778, 0.182233, 0.427778, 0.182233, 0, 0
18, 1920.00000, 0.427778, 0.182233, 0.427778, 0.182233, 0.427778, 0.182233, 0, 0
18, 1980.00000, 0.427778, 0.182233, 0.427778, 0.182233, 0.427778, 0.182233, 0, 0
18, 2040.00000, 0.427778, 0.182233, 0.427778, 0.182233, 0.427778, 0.182233, 0, 0
18, 2100.00000, 0.427778, 0.182233, 0.427778, 0.182233, 0.427778, 0.182233, 0, 0
18, 2160.00000, 0.427778, 0.182233, 0.427778, 0.182233, 0.427778, 0.182233, 0, 0
18, 2220.00000, 0.427778, 0.182233, 0.427778, 0.182233, 0.427778, 0.182233, 0, 0
18, 2280.00000, 0.427778, 0.182233, 0.427778, 0.182233, 0.427778, 0.182233, 0, 0
18, 2340.00000, 0.427778, 0.182233, 0.427778, 0.182233, 0.427778, 0.182233, 0, 0
18, 2400.00000, 0.427778, 0.182233, 0.427778, 0.182233, 0.427778, 0.182233, 0, 0
18, 2460.00000, 0.427778, 0.182233, 0.427778, 0.182233, 0.427778, 0.182233, 0, 0
18, 2520.00000, 0.427778, 0.182233, 0.427778, 0.182233, 0.427778, 0.182233, 0, 0
18, 2580.00000, 0.427778, 0.182233, 0.427778, 0.182233, 0.427778, 0.182233, 0, 0
18, 2640.00000, 0.427778, 0.182233, 0.427778, 0.182233, 0.427778, 0.182233, 0, 0
18, 2700.00000, 0.427778, 0.182233, 0.427778, 0.182233, 0.427778, 0.182233, 0, 0
18, 2760.00000, 0.427926, 0.182296, 0.427926, 0.182296, 0.427926, 0.182296, 0, 0
18, 2820.00000, 0.427926, 0.182296, 0.427926, 0.182296, 0.427926, 0.182296, 0, 0
18, 2880.00000, 0.427926, 0.182296, 0.427926, 0.182296, 0.427926, 0.182296, 0, 0
18, 2940.00000, 0.427926, 0.182296, 0.427926, 0.182296, 0.427926, 0.182296, 0, 0
18, 3000.00000, 0.427926, 0.182296, 0.427926, 0.182296, 0.427926, 0.182296, 0, 0
18, 3060.00000, 0.427926, 0.182296, 0.427926, 0.182296, 0.427926, 0.182296, 0, 0
18, 3120.00000, 0.427926, 0.182296, 0.427926, 0.182296, 0.427926, 0.182296, 0, 0
18, 3180.00000, 0.427926, 0.182296, 0.427926, 0.182296, 0.427926, 0.182296, 0, 0
18, 3240.00000, 0.427926, 0.182296, 0.427926, 0.182296, 0.427926, 0.182296, 0, 0
18, 3300.00000, 0.427926, 0.182296, 0.427926, 0.182296, 0.427926, 0.182296, 0, 0
18, 3360.00000, 0.427926, 0.182296, 0.427926, 0.182296, 0.427926, 0.182296, 0, 0
18, 3420.00000, 0.427926, 0.182296, 0.427926, 0.182296, 0.427926, 0.182296, 0, 0
18, 3480.00000, 0.427926, 0.182296, 0.427926, 0.182296, 0.427926, 0.182296, 0, 0
18, 3540.00000, 0.427926, 0.182296, 0.427926, 0.182296, 0.427926, 0.182296, 0, 0
19, 0.00000, 0.427926, 0.182296, 0.427926, 0.182296, 0.427926, 0.182296, 0, 0
19, 60.00000, 0.437152, 0.186226, 0.437152, 0.186226, 0.437152, 0.186226, 0, 0
19, 120.00000, 0.437152, 0.186226, 0.437152, 0.186226, 0.437152, 0.186226, 0, 0
19, 180.00000, 0.437152, 0.186226, 0.437152, 0.186226, 0.437152, 0.186226, 0, 0
19, 240.00000, 0.437152, 0.186226, 0.437152, 0.186226, 0.437152, 0.186226, 0, 0
19, 300.00000, 0.437152, 0.186226, 0.437152, 0.186226, 0.437152, 0.186226, 0, 0
19, 360.00000, 0.437152, 0.186226, 0.437152, 0.186226, 0.437152, 0.186226, 0, 0
19, 420.00000, 0.437152, 0.186226, 0.437152, 0.186226, 0.437152, 0.186226, 0, 0
19, 480.00000, 0.437152, 0.186226, 0.437152, 0.186226, 0.437152, 0.186226, 0, 0
19, 540.00000, 0.437152, 0.186226, 0.437152, 0.186226, 0.437152, 0.186226, 0, 0
19, 600.00000, 0.437152, 0.186226, 0.437152, 0.186226, 0.437152, 0.186226, 0, 0
19, 660.00000, 0.437152, 0.186226, 0.437152, 0.186226, 0.437152, 0.186226, 0, 0
19, 720.00000, 0.437152, 0.186226, 0.437152, 0.186226, 0.437152, 0.186226, 0, 0
19, 780.00000, 0.437152, 0.186226, 0.437152, 0.186226, 0.437152, 0.186226, 0, 0
19, 840.00000, 0.437152, 0.186226, 0.437152, 0.186226, 0.437152, 0.186226, 0, 0
19, 900.00000, 0.437152, 0.186226, 0.437152, 0.186226, 0.437152, 0.186226, 0, 0
19, 960.00000, 0.455017, 0.193837, 0.455017, 0.193837, 0.455017, 0.193836, 0, 0
19, 1020.00000, 0.455017, 0.193836, 0.455017, 0.193836, 0.455017, 0.193836, 0, 0
19, 1080.00000, 0.455017, 0.193836, 0.455017, 0.193836, 0.455017, 0.193836, 0, 0
19, 1140.00000, 0.455017, 0.193836, 0.455017, 0.193836, 0.455017, 0.193836, 0, 0
19, 1200.00000, 0.455017, 0.193836, 0.455017, 0.193836, 0.455017, 0.193836, 0, 0
19, 1260.00000, 0.455017, 0.193836, 0.455017, 0.193836, 0.455017, 0.193837, 0, 0
19, 1320.00000, 0.455017, 0.193836, 0.455017, 0.193836, 0.455017, 0.193836, 0, 0
19, 1380.00000, 0.455017, 0.193836, 0.455017, 0.193836, 0.455017, 0.193836, 0, 0
19, 1440.00000, 0.455017, 0.193836, 0.455017, 0.193836, 0.455017, 0.193836, 0, 0
19, 1500.00000, 0.455017, 0.193836, 0.455017, 0.193836, 0.455017, 0.193836, 0, 0
19, 1560.00000, 0.455017, 0.193836, 0.455017, 0.193836, 0.455017, 0.193836, 0, 0
19, 1620.00000, 0.455017, 0.193836, 0.455017, 0.193836, 0.455017, 0.193836, 0, 0
19, 1680.00000, 0.455017, 0.193836, 0.455017, 0.193836, 0.455017, 0.193836, 0, 0
19, 1740.00000, 0.455017, 0.193836, 0.455017, 0.193836, 0.455017, 0.193836, 0, 0
19, 1800.00000, 0.455017, 0.193836, 0.455017, 0.193836, 0.455017, 0.193837, 0, 0
19, 1860.00000, 0.481131, 0.204961, 0.481131, 0.204961, 0.481131, 0.204961, 0, 0
19, 1920.00000, 0.481131, 0.204961, 0.481131, 0.204961, 0.481131, 0.204961, 0, 0
19, 1980.00000, 0.481131, 0.204961, 0.481131, 0.204961, 0.481131, 0.204961, 0, 0
19, 2040.00000, 0.481131, 0.204961, 0.481131, 0.204961, 0.481131, 0.204961, 0, 0
19, 2100.00000, 0.481131, 0.204961, 0.481131, 0.204961, 0.481131, 0.204961, 0, 0
19, 2160.00000, 0.481131, 0.204961, 0.481131, 0.204961, 0.481131, 0.204961, 0, 0
19, 2220.00000, 0.481131, 0.204961, 0.481131, 0.204961, 0.481131, 0.204961, 0, 0
19, 2280.00000, 0.481131, 0.204961, 0.481131, 0.204961, 0.481131, 0.204961, 0, 0
19, 2340.00000, 0.481131, 0.204961, 0.481131, 0.204961, 0.481131, 0.204961, 0, 0
19, 2400.00000, 0.481131, 0.204961, 0.481131, 0.204961, 0.481131, 0.204961, 0, 0
19, 2460.00000, 0.481131, 0.204961, 0.481131, 0.204961, 0.481131, 0.204961, 0, 0
19, 2520.00000, 0.481131, 0.204961, 0.481131, 0.204961, 0.481131, 0.204961, 0, 0
19, 2580.00000, 0.481131, 0.204961, 0.481131, 0.204961, 0.481131, 0.204961, 0, 0
19, 2640.00000, 0.481131, 0.204961, 0.481131, 0.204961, 0.481131, 0.204961, 0, 0
19, 2700.00000, 0.481131, 0.204961, 0.481131, 0.204961, 0.481131, 0.204961, 0, 0
19, 2760.00000, 0.533023, 0.227067, 0.533023, 0.227067, 0.533022, 0.227066, 0, 0
19, 2820.00000, 0.533023, 0.227067, 0.533023, 0.227067, 0.533023, 0.227067, 0, 0
19, 2880.00000, 0.533023, 0.227067, 0.533023, 0.227067, 0.533023, 0.227067, 0, 0
19, 2940.00000, 0.533023, 0.227067, 0.533023, 0.227067, 0.533023, 0.227067, 0, 0
19, 3000.00000, 0.533023, 0.227067, 0.533023, 0.227067, 0.533023, 0.227067, 0, 0
19, 3060.00000, 0.533023, 0.227067, 0.533023, 0.227067, 0.533023, 0.227067, 0, 0
19, 3120.00000, 0.533023, 0.227067, 0.533023, 0.227067, 0.533023, 0.227067, 0, 0
19, 3180.00000, 0.533023, 0.227067, 0.533023, 0.227067, 0.533023, 0.227067, 0, 0
19, 3240.00000, 0.533023, 0.227067, 0.533023, 0.227067, 0.533023, 0.227067, 0, 0
19, 3300.00000, 0.533023, 0.227067, 0.533023, 0.227067, 0.533023, 0.227067, 0, 0
19, 3360.00000, 0.533023, 0.227067, 0.533023, 0.227067, 0.533023, 0.227067, 0, 0
19, 3420.00000, 0.533023, 0.227067, 0.533023, 0.227067, 0.533023, 0.227067, 0, 0
19, 3480.00000, 0.533023, 0.227067, 0.533023, 0.227067, 0.533023, 0.227067, 0, 0
19, 3540.00000, 0.533023, 0.227067, 0.533023, 0.227067, 0.533023, 0.227067, 0, 0
20, 0.00000, 0.533023, 0.227067, 0.533023, 0.227067, 0.533023, 0.227067, 0, 0
20, 60.00000, 0.546794, 0.232933, 0.546794, 0.232933, 0.546794, 0.232933, 0, 0
20, 120.00000, 0.546794, 0.232933, 0.546794, 0.232933, 0.546794, 0.232933, 0, 0
20, 180.00000, 0.546794, 0.232933, 0.546794, 0.232933, 0.546794, 0.232933, 0, 0
20, 240.00000, 0.546794, 0.232933, 0.546794, 0.232933, 0.546794, 0.232933, 0, 0
20, 300.00000, 0.546794, 0.232933, 0.546794, 0.232933, 0.546794, 0.232933, 0, 0
20, 360.00000, 0.546794, 0.232933, 0.546794, 0.232933, 0.546794, 0.232933, 0, 0
20, 420.00000, 0.546794, 0.232933, 0.546794, 0.232933, 0.546794, 0.232933, 0, 0
20, 480.00000, 0.546794, 0.232933, 0.546794, 0.232933, 0.546794, 0.232933, 0, 0
20, 540.00000, 0.546794, 0.232933, 0.546794, 0.232933, 0.546794, 0.232933, 0, 0
20, 600.00000, 0.546794, 0.232933, 0.546794, 0.232933, 0.546794, 0.232933, 0, 0
20, 660.00000, 0.546794, 0.232933, 0.546794, 0.232933, 0.546794, 0.232933, 0, 0
20, 720.00000, 0.546794, 0.232933, 0.546794, 0.232933, 0.546794, 0.232933, 0, 0
20, 780.00000, 0.546794, 0.232933, 0.546794, 0.232933, 0.546794, 0.232933, 0, 0
20, 840.00000, 0.546794, 0.232933, 0.546794, 0.232933, 0.546794, 0.232933, 0, 0
20, 900.00000, 0.546794, 0.232933, 0.546794, 0.232933, 0.546794, 0.232933, 0, 0
20, 960.00000, 0.615454, 0.262183, 0.615454, 0.262183, 0.615454, 0.262183, 0, 0
20, 1020.00000, 0.615454, 0.262183, 0.615454, 0.262183, 0.615454, 0.262183, 0, 0
20, 1080.00000, 0.615454, 0.262183, 0.615454, 0.262183, 0.615454, 0.262183, 0, 0
20, 1140.00000, 0.615454, 0.262183, 0.615454, 0.262183, 0.615454, 0.262183, 0, 0
20, 1200.00000, 0.615454, 0.262183, 0.615454, 0.262183, 0.615454, 0.262183, 0, 0
20, 1260.00000, 0.615454, 0.262183, 0.615454, 0.262183, 0.615454, 0.262183, 0, 0
20, 1320.00000, 0.615454, 0.262183, 0.615454, 0.262183, 0.615454, 0.262183, 0, 0
20, 1380.00000, 0.615454, 0.262183, 0.615454, 0.262183, 0.615454, 0.262183, 0, 0
20, 1440.00000, 0.615454, 0.262183, 0.615454, 0.262183, 0.615454, 0.262183, 0, 0
20, 1500.00000, 0.615454, 0.262183, 0.615454, 0.262183, 0.615454, 0.262183, 0, 0
20, 1560.00000, 0.615454, 0.262183, 0.615454, 0.262183, 0.615454, 0.262183, 0, 0
20, 1620.00000, 0.615454, 0.262183, 0.615454, 0.262183, 0.615454, 0.262183, 0, 0
20, 1680.00000, 0.615454, 0.262183, 0.615454, 0.262183, 0.615454, 0.262183, 0, 0
20, 1740.00000, 0.615454, 0.262183, 0.615454, 0.262183, 0.615454, 0.262183, 0, 0
20, 1800.00000, 0.615454, 0.262183, 0.615454, 0.262183, 0.615454, 0.262183, 0, 0
20, 1860.00000, 0.520264, 0.221632, 0.520264, 0.221632, 0.520264, 0.221632, 0, 0
20, 1920.00000, 0.520264, 0.221632, 0.520264, 0.221632, 0.520264, 0.221632, 0, 0
20, 1980.00000, 0.520264, 0.221632, 0.520264, 0.221632, 0.520264, 0.221632, 0, 0
20, 2040.00000, 0.520264, 0.221632, 0.520264, 0.221632, 0.520264, 0.221632, 0, 0
20, 2100.00000, 0.520264, 0.221632, 0.520264, 0.221632, 0.520264, 0.221632, 0, 0
20, 2160.00000, 0.520264, 0.221632, 0.520264, 0.221632, 0.520264, 0.221632, 0, 0
20, 2220.00000, 0.520264, 0.221632, 0.520264, 0.221632, 0.520264, 0.221632, 0, 0
20, 2280.00000, 0.520264, 0.221632, 0.520264, 0.221632, 0.520264, 0.221632, 0, 0
20, 2340.00000, 0.520264, 0.221632, 0.520264, 0.221632, 0.520264, 0.221632, 0, 0
20, 2400.00000, 0.520264, 0.221632, 0.520264, 0.221632, 0.520264, 0.221632, 0, 0
20, 2460.00000, 0.520264, 0.221632, 0.520264, 0.221632, 0.520264, 0.221632, 0, 0
20, 2520.00000, 0.520264, 0.221632, 0.520264, 0.221632, 0.520264, 0.221632, 0, 0
20, 2580.00000, 0.520264, 0.221632, 0.520264, 0.221632, 0.520264, 0.221632, 0, 0
20, 2640.00000, 0.520264, 0.221632, 0.520264, 0.221632, 0.520264, 0.221632, 0, 0
20, 2700.00000, 0.520264, 0.221632, 0.520264, 0.221632, 0.520264, 0.221632, 0, 0
20, 2760.00000, 0.580188, 0.247159, 0.580188, 0.247159, 0.580187, 0.247159, 0, 0
20, 2820.00000, 0.580188, 0.247159, 0.580188, 0.247159, 0.580188, 0.247159, 0, 0
20, 2880.00000, 0.580188, 0.247159, 0.580188, 0.247159, 0.580188, 0.247159, 0, 0
20, 2940.00000, 0.580188, 0.247159, 0.580188, 0.247159, 0.580188, 0.247159, 0, 0
20, 3000.00000, 0.580188, 0.247159, 0.580188, 0.247159, 0.580188, 0.247159, 0, 0
20, 3060.00000, 0.580188, 0.247159, 0.580188, 0.247159, 0.580188, 0.247159, 0, 0
20, 3120.00000, 0.580188, 0.247159, 0.580188, 0.247159, 0.580188, 0.247159, 0, 0
20, 3180.00000, 0.580188, 0.247159, 0.580188, 0.247159, 0.580188, 0.247159, 0, 0
20, 3240.00000, 0.580188, 0.247159, 0.580188, 0.247159, 0.580188, 0.247159, 0, 0
20, 3300.00000, 0.580187, 0.247159, 0.580188, 0.247159, 0.580188, 0.247159, 0, 0
20, 3360.00000, 0.580188, 0.247159, 0.580188, 0.247159, 0.580188, 0.247159, 0, 0
20, 3420.00000, 0.580188, 0.247159, 0.580188, 0.247159, 0.580188, 0.247159, 0, 0
20, 3480.00000, 0.580188, 0.247159, 0.580188, 0.247159, 0.580188, 0.247159, 0, 0
20, 3540.00000, 0.580188, 0.247159, 0.580188, 0.247159, 0.580188, 0.247159, 0, 0
21, 0.00000, 0.580187, 0.247159, 0.580187, 0.247159, 0.580188, 0.247159, 0, 0
21, 60.00000, 0.658321, 0.280444, 0.658321, 0.280444, 0.658321, 0.280444, 0, 0
21, 120.00000, 0.658321, 0.280444, 0.658321, 0.280444, 0.658321, 0.280444, 0, 0
21, 180.00000, 0.658321, 0.280444, 0.658321, 0.280444, 0.658321, 0.280444, 0, 0
21, 240.00000, 0.658321, 0.280444, 0.658321, 0.280444, 0.658321, 0.280444, 0, 0
21, 300.00000, 0.658321, 0.280444, 0.658321, 0.280444, 0.658321, 0.280444, 0, 0
21, 360.00000, 0.658321, 0.280444, 0.658321, 0.280444, 0.658321, 0.280444, 0, 0
21, 420.00000, 0.658321, 0.280444, 0.658321, 0.280444, 0.658321, 0.280444, 0, 0
21, 480.00000, 0.658321, 0.280444, 0.658321, 0.280444, 0.658321, 0.280444, 0, 0
21, 540.00000, 0.658321, 0.280444, 0.658321, 0.280444, 0.658321, 0.280444, 0, 0
21, 600.00000, 0.658321, 0.280444, 0.658321, 0.280444, 0.658321, 0.280444, 0, 0
21, 660.00000, 0.658321, 0.280444, 0.658321, 0.280444, 0.658321, 0.280444, 0, 0
21, 720.00000, 0.658321, 0.280444, 0.658321, 0.280444, 0.658321, 0.280444, 0, 0
21, 780.00000, 0.658321, 0.280444, 0.658321, 0.280444, 0.658321, 0.280444, 0, 0
21, 840.00000, 0.658321, 0.280444, 0.658321, 0.280444, 0.658321, 0.280444, 0, 0
21, 900.00000, 0.658321, 0.280444, 0.658321, 0.280444, 0.658321, 0.280444, 0, 0
21, 960.00000, 0.70831, 0.301739, 0.70831, 0.301739, 0.708309, 0.301738, 0, 0
21, 1020.00000, 0.70831, 0.301739, 0.70831, 0.301739, 0.70831, 0.301739, 0, 0
21, 1080.00000, 0.70831, 0.301739, 0.70831, 0.301739, 0.70831, 0.301739, 0, 0
21, 1140.00000, 0.70831, 0.301739, 0.70831, 0.301739, 0.70831, 0.301739, 0, 0
21, 1200.00000, 0.70831, 0.301739, 0.70831, 0.301739, 0.70831, 0.301739, 0, 0
21, 1260.00000, 0.70831, 0.301739, 0.70831, 0.301739, 0.70831, 0.301739, 0, 0
21, 1320.00000, 0.70831, 0.301739, 0.70831, 0.301739, 0.70831, 0.301739, 0, 0
21, 1380.00000, 0.70831, 0.301739, 0.70831, 0.301739, 0.70831, 0.301739, 0, 0
21, 1440.00000, 0.70831, 0.301739, 0.70831, 0.301739, 0.70831, 0.301739, 0, 0
21, 1500.00000, 0.70831, 0.301739, 0.70831, 0.301739, 0.70831, 0.301739, 0, 0
21, 1560.00000, 0.70831, 0.301739, 0.70831, 0.301739, 0.70831, 0.301739, 0, 0
21, 1620.00000, 0.70831, 0.301739, 0.70831, 0.301739, 0.70831, 0.301739, 0, 0
21, 1680.00000, 0.70831, 0.301739, 0.70831, 0.301739, 0.70831, 0.301739, 0, 0
21, 1740.00000, 0.70831, 0.301739, 0.70831, 0.301739, 0.70831, 0.301739, 0, 0
21, 1800.00000, 0.70831, 0.301739, 0.70831, 0.301739, 0.70831, 0.301739, 0, 0
21, 1860.00000, 0.643668, 0.274201, 0.643668, 0.274201, 0.643668, 0.274201, 0, 0
21, 1920.00000, 0.643668, 0.274201, 0.643668, 0.274201, 0.643668, 0.274201, 0, 0
21, 1980.00000, 0.643668, 0.274201, 0.643668, 0.274201, 0.643668, 0.274201, 0, 0
21, 2040.00000, 0.643668, 0.274201, 0.643668, 0.274201, 0.643668, 0.274201, 0, 0
21, 2100.00000, 0.643668, 0.274201, 0.643668, 0.274201, 0.643668, 0.274201, 0, 0
21, 2160.00000, 0.643668, 0.274201, 0.643668, 0.274201, 0.643668, 0.274201, 0, 0
21, 2220.00000, 0.643668, 0.274201, 0.643668, 0.274201, 0.643668, 0.274201, 0, 0
21, 2280.00000, 0.643668, 0.274201, 0.643668, 0.274201, 0.643668, 0.274201, 0, 0
21, 2340.00000, 0.643668, 0.274201, 0.643668, 0.274201, 0.643668, 0.274201, 0, 0
21, 2400.00000, 0.643668, 0.274201, 0.643668, 0.274201, 0.643668, 0.274201, 0, 0
21, 2460.00000, 0.643668, 0.274201, 0.643668, 0.274201, 0.643668, 0.274201, 0, 0
21, 2520.00000, 0.643668, 0.274201, 0.643668, 0.274201, 0.643668, 0.274201, 0, 0
21, 2580.00000, 0.643668, 0.274201, 0.643668, 0.274201, 0.643668, 0.274201, 0, 0
21, 2640.00000, 0.643668, 0.274201, 0.643668, 0.274201, 0.643668, 0.274201, 0, 0
21, 2700.00000, 0.643668, 0.274201, 0.643668, 0.274201, 0.643668, 0.274201, 0, 0
21, 2760.00000, 0.66764, 0.284413, 0.667639, 0.284413, 0.667639, 0.284413, 0, 0
21, 2820.00000, 0.667639, 0.284413, 0.667639, 0.284413, 0.667639, 0.284413, 0, 0
21, 2880.00000, 0.667639, 0.284413, 0.667639, 0.284413, 0.667639, 0.284413, 0, 0
21, 2940.00000, 0.667639, 0.284413, 0.667639, 0.284413, 0.66764, 0.284413, 0, 0
21, 3000.00000, 0.667639, 0.284413, 0.667639, 0.284413, 0.66764, 0.284413, 0, 0
21, 3060.00000, 0.667639, 0.284413, 0.667639, 0.284413, 0.667639, 0.284413, 0, 0
21, 3120.00000, 0.667639, 0.284413, 0.667639, 0.284413, 0.667639, 0.284413, 0, 0
21, 3180.00000, 0.667639, 0.284413, 0.667639, 0.284413, 0.667639, 0.284413, 0, 0
21, 3240.00000, 0.667639, 0.284413, 0.667639, 0.284413, 0.667639, 0.284413, 0, 0
21, 3300.00000, 0.667639, 0.284413, 0.667639, 0.284413, 0.667639, 0.284413, 0, 0
21, 3360.00000, 0.667639, 0.284413, 0.667639, 0.284413, 0.667639, 0.284413, 0, 0
21, 3420.00000, 0.667639, 0.284413, 0.667639, 0.284413, 0.667639, 0.284413, 0, 0
21, 3480.00000, 0.667639, 0.284413, 0.667639, 0.284413, 0.667639, 0.284413, 0, 0
21, 3540.00000, 0.667639, 0.284413, 0.667639, 0.284413, 0.667639, 0.284413, 0, 0
22, 0.00000, 0.66764, 0.284413, 0.667639, 0.284413, 0.667639, 0.284413, 0, 0
22, 60.00000, 0.692235, 0.294891, 0.692235, 0.294891, 0.692235, 0.294891, 0, 0
22, 120.00000, 0.692235, 0.294891, 0.692235, 0.294891, 0.692235, 0.294891, 0, 0
22, 180.00000, 0.692235, 0.294891, 0.692235, 0.294891, 0.692235, 0.294891, 0, 0
22, 240.00000, 0.692235, 0.294891, 0.692235, 0.294891, 0.692235, 0.294891, 0, 0
22, 300.00000, 0.692235, 0.294891, 0.692235, 0.294891, 0.692236, 0.294891, 0, 0
22, 360.00000, 0.692235, 0.294891, 0.692235, 0.294891, 0.692235, 0.294891, 0, 0
22, 420.00000, 0.692235, 0.294891, 0.692235, 0.294891, 0.692235, 0.294891, 0, 0
22, 480.00000, 0.692235, 0.294891, 0.692235, 0.294891, 0.692235, 0.294891, 0, 0
22, 540.00000, 0.692235, 0.294891, 0.692235, 0.294891, 0.692235, 0.294891, 0, 0
22, 600.00000, 0.692235, 0.294891, 0.692235, 0.294891, 0.692235, 0.294891, 0, 0
22, 660.00000, 0.692235, 0.294891, 0.692235, 0.294891, 0.692235, 0.294891, 0, 0
22, 720.00000, 0.692235, 0.294891, 0.692235, 0.294891, 0.692235, 0.294891, 0, 0
22, 780.00000, 0.692235, 0.294891, 0.692235, 0.294891, 0.692235, 0.294891, 0, 0
22, 840.00000, 0.692235, 0.294891, 0.692235, 0.294891, 0.692235, 0.294891, 0, 0
22, 900.00000, 0.692235, 0.294891, 0.692235, 0.294891, 0.692235, 0.294891, 0, 0
22, 960.00000, 0.721645, 0.30742, 0.721645, 0.30742, 0.721645, 0.307419, 0, 0
22, 1020.00000, 0.721645, 0.30742, 0.721645, 0.30742, 0.721645, 0.30742, 0, 0
22, 1080.00000, 0.721645, 0.30742, 0.721645, 0.30742, 0.721645, 0.30742, 0, 0
22, 1140.00000, 0.721645, 0.30742, 0.721645, 0.30742, 0.721645, 0.30742, 0, 0
22, 1200.00000, 0.721645, 0.30742, 0.721645, 0.30742, 0.721645, 0.30742, 0, 0
22, 1260.00000, 0.721645, 0.30742, 0.721645, 0.30742, 0.721645, 0.30742, 0, 0
22, 1320.00000, 0.721645, 0.30742, 0.721645, 0.30742, 0.721645, 0.30742, 0, 0
22, 1380.00000, 0.721645, 0.30742, 0.721645, 0.30742, 0.721645, 0.30742, 0, 0
22, 1440.00000, 0.721645, 0.30742, 0.721645, 0.30742, 0.721645, 0.30742, 0, 0
22, 1500.00000, 0.721645, 0.30742, 0.721645, 0.30742, 0.721645, 0.30742, 0, 0
22, 1560.00000, 0.721645, 0.30742, 0.721645, 0.30742, 0.721645, 0.30742, 0, 0
22, 1620.00000, 0.721645, 0.30742, 0.721645, 0.30742, 0.721645, 0.30742, 0, 0
22, 1680.00000, 0.721645, 0.30742, 0.721645, 0.30742, 0.721645, 0.30742, 0, 0
22, 1740.00000, 0.721645, 0.30742, 0.721645, 0.30742, 0.721645, 0.30742, 0, 0
22, 1800.00000, 0.721645, 0.30742, 0.721645, 0.30742, 0.721645, 0.30742, 0, 0
22, 1860.00000, 0.680398, 0.289849, 0.680398, 0.289849, 0.680399, 0.289849, 0, 0
22, 1920.00000, 0.680398, 0.289849, 0.680398, 0.289849, 0.680398, 0.289849, 0, 0
22, 1980.00000, 0.680398, 0.289849, 0.680398, 0.289849, 0.680398, 0.289849, 0, 0
22, 2040.00000, 0.680398, 0.289849, 0.680398, 0.289849, 0.680399, 0.289849, 0, 0
22, 2100.00000, 0.680398, 0.289849, 0.680398, 0.289849, 0.680398, 0.289849, 0, 0
22, 2160.00000, 0.680398, 0.289849, 0.680398, 0.289849, 0.680398, 0.289849, 0, 0
22, 2220.00000, 0.680398, 0.289849, 0.680398, 0.289849, 0.680399, 0.289849, 0, 0
22, 2280.00000, 0.680398, 0.289849, 0.680398, 0.289849, 0.680398, 0.289849, 0, 0
22, 2340.00000, 0.680398, 0.289849, 0.680398, 0.289849, 0.680398, 0.289849, 0, 0
22, 2400.00000, 0.680398, 0.289849, 0.680398, 0.289849, 0.680398, 0.289849, 0, 0
22, 2460.00000, 0.680398, 0.289849, 0.680398, 0.289849, 0.680398, 0.289849, 0, 0
22, 2520.00000, 0.680398, 0.289849, 0.680398, 0.289849, 0.680398, 0.289849, 0, 0
22, 2580.00000, 0.680398, 0.289849, 0.680398, 0.289849, 0.680398, 0.289849, 0, 0
22, 2640.00000, 0.680398, 0.289849, 0.680398, 0.289849, 0.680398, 0.289849, 0, 0
22, 2700.00000, 0.680398, 0.289849, 0.680398, 0.289849, 0.680398, 0.289848, 0, 0
22, 2760.00000, 0.698227, 0.297444, 0.698227, 0.297444, 0.698227, 0.297444, 0, 0
22, 2820.00000, 0.698227, 0.297444, 0.698227, 0.297444, 0.698227, 0.297444, 0, 0
22, 2880.00000, 0.698227, 0.297444, 0.698227, 0.297444, 0.698227, 0.297444, 0, 0
22, 2940.00000, 0.698227, 0.297444, 0.698227, 0.297444, 0.698227, 0.297444, 0, 0
22, 3000.00000, 0.698227, 0.297444, 0.698227, 0.297444, 0.698227, 0.297444, 0, 0
22, 3060.00000, 0.698227, 0.297444, 0.698227, 0.297444, 0.698227, 0.297444, 0, 0
22, 3120.00000, 0.698227, 0.297444, 0.698227, 0.297444, 0.698227, 0.297444, 0, 0
22, 3180.00000, 0.698227, 0.297444, 0.698227, 0.297444, 0.698227, 0.297444, 0, 0
22, 3240.00000, 0.698227, 0.297444, 0.698227, 0.297444, 0.698227, 0.297444, 0, 0
22, 3300.00000, 0.698227, 0.297444, 0.698227, 0.297444, 0.698227, 0.297444, 0, 0
22, 3360.00000, 0.698227, 0.297444, 0.698227, 0.297444, 0.698227, 0.297444, 0, 0
22, 3420.00000, 0.698227, 0.297444, 0.698227, 0.297444, 0.698227, 0.297444, 0, 0
22, 3480.00000, 0.698227, 0.297444, 0.698227, 0.297444, 0.698227, 0.297444, 0, 0
22, 3540.00000, 0.698227, 0.297444, 0.698227, 0.297444, 0.698227, 0.297444, 0, 0
23, 0.00000, 0.698227, 0.297444, 0.698227, 0.297444, 0.698227, 0.297444, 0, 0
23, 60.00000, 0.740433, 0.315423, 0.740433, 0.315423, 0.740433, 0.315423, 0, 0
23, 120.00000, 0.740433, 0.315423, 0.740433, 0.315423, 0.740433, 0.315423, 0, 0
23, 180.00000, 0.740433, 0.315423, 0.740433, 0.315423, 0.740433, 0.315423, 0, 0
23, 240.00000, 0.740433, 0.315423, 0.740433, 0.315423, 0.740433, 0.315423, 0, 0
23, 300.00000, 0.740433, 0.315423, 0.740433, 0.315423, 0.740433, 0.315423, 0, 0
23, 360.00000, 0.740433, 0.315423, 0.740433, 0.315423, 0.740433, 0.315423, 0, 0
23, 420.00000, 0.740433, 0.315423, 0.740433, 0.315423, 0.740433, 0.315423, 0, 0
23, 480.00000, 0.740433, 0.315423, 0.740433, 0.315423, 0.740433, 0.315423, 0, 0
23, 540.00000, 0.740433, 0.315423, 0.740433, 0.315423, 0.740433, 0.315423, 0, 0
23, 600.00000, 0.740433, 0.315423, 0.740433, 0.315423, 0.740433, 0.315423, 0, 0
23, 660.00000, 0.740433, 0.315423, 0.740433, 0.315423, 0.740433, 0.315423, 0, 0
23, 720.00000, 0.740433, 0.315423, 0.740433, 0.315423, 0.740433, 0.315423, 0, 0
23, 780.00000, 0.740433, 0.315423, 0.740433, 0.315423, 0.740433, 0.315423, 0, 0
23, 840.00000, 0.740433, 0.315423, 0.740433, 0.315423, 0.740433, 0.315423, 0, 0
23, 900.00000, 0.740433, 0.315423, 0.740433, 0.315423, 0.740433, 0.315423, 0, 0
23, 960.00000, 0.715391, 0.304755, 0.715391, 0.304755, 0.715391, 0.304755, 0, 0
23, 1020.00000, 0.715391, 0.304755, 0.715391, 0.304755, 0.715391, 0.304755, 0, 0
23, 1080.00000, 0.715391, 0.304755, 0.715391, 0.304755, 0.715391, 0.304755, 0, 0
23, 1140.00000, 0.715391, 0.304755, 0.715391, 0.304755, 0.715391, 0.304755, 0, 0
23, 1200.00000, 0.715391, 0.304755, 0.715391, 0.304755, 0.715391, 0.304755, 0, 0
23, 1260.00000, 0.715391, 0.304755, 0.715391, 0.304755, 0.715391, 0.304755, 0, 0
23, 1320.00000, 0.715391, 0.304755, 0.715391, 0.304755, 0.715391, 0.304755, 0, 0
23, 1380.00000, 0.715391, 0.304755, 0.715391, 0.304755, 0.715391, 0.304755, 0, 0
23, 1440.00000, 0.715391, 0.304755, 0.715391, 0.304755, 0.715391, 0.304755, 0, 0
23, 1500.00000, 0.715391, 0.304755, 0.715391, 0.304755, 0.715391, 0.304755, 0, 0
23, 1560.00000, 0.715391, 0.304755, 0.715391, 0.304755, 0.715391, 0.304755, 0, 0
23, 1620.00000, 0.715391, 0.304755, 0.715391, 0.304755, 0.715391, 0.304755, 0, 0
23, 1680.00000, 0.715391, 0.304755, 0.715391, 0.304755, 0.715391, 0.304755, 0, 0
23, 1740.00000, 0.715391, 0.304755, 0.715391, 0.304755, 0.715391, 0.304755, 0, 0
23, 1800.00000, 0.715391, 0.304755, 0.715391, 0.304755, 0.715391, 0.304755, 0, 0
23, 1860.00000, 0.707706, 0.301481, 0.707706, 0.301481, 0.707706, 0.301482, 0, 0
23, 1920.00000, 0.707706, 0.301481, 0.707706, 0.301481, 0.707706, 0.301481, 0, 0
23, 1980.00000, 0.707706, 0.301481, 0.707706, 0.301481, 0.707706, 0.301481, 0, 0
23, 2040.00000, 0.707706, 0.301481, 0.707706, 0.301481, 0.707706, 0.301481, 0, 0
23, 2100.00000, 0.707706, 0.301481, 0.707706, 0.301481, 0.707706, 0.301481, 0, 0
23, 2160.00000, 0.707706, 0.301481, 0.707706, 0.301481, 0.707706, 0.301481, 0, 0
23, 2220.00000, 0.707706, 0.301481, 0.707706, 0.301481, 0.707706, 0.301481, 0, 0
23, 2280.00000, 0.707706, 0.301481, 0.707706, 0.301481, 0.707706, 0.301481, 0, 0
23, 2340.00000, 0.707706, 0.301481, 0.707706, 0.301481, 0.707706, 0.301481, 0, 0
23, 2400.00000, 0.707706, 0.301481, 0.707706, 0.301481, 0.707706, 0.301481, 0, 0
23, 2460.00000, 0.707706, 0.301481, 0.707706, 0.301481, 0.707706, 0.301481, 0, 0
23, 2520.00000, 0.707706, 0.301481, 0.707706, 0.301481, 0.707706, 0.301481, 0, 0
23, 2580.00000, 0.707706, 0.301481, 0.707706, 0.301481, 0.707706, 0.301481, 0, 0
23, 2640.00000, 0.707706, 0.301481, 0.707706, 0.301481, 0.707706, 0.301481, 0, 0
23, 2700.00000, 0.707706, 0.301481, 0.707706, 0.301481, 0.707706, 0.301481, 0, 0
23, 2760.00000, 0.696305, 0.296625, 0.696305, 0.296625, 0.696306, 0.296625, 0, 0
23, 2820.00000, 0.696305, 0.296625, 0.696305, 0.296625, 0.696305, 0.296625, 0, 0
23, 2880.00000, 0.696305, 0.296625, 0.696305, 0.296625, 0.696305, 0.296625, 0, 0
23, 2940.00000, 0.696305, 0.296625, 0.696305, 0.296625, 0.696305, 0.296625, 0, 0
23, 3000.00000, 0.696305, 0.296625, 0.696305, 0.296625, 0.696305, 0.296625, 0, 0
23, 3060.00000, 0.696305, 0.296625, 0.696305, 0.296625, 0.696305, 0.296625, 0, 0
23, 3120.00000, 0.696305, 0.296625, 0.696305, 0.296625, 0.696305, 0.296625, 0, 0
23, 3180.00000, 0.696305, 0.296625, 0.696305, 0.296625, 0.696305, 0.296625, 0, 0
23, 3240.00000, 0.696305, 0.296625, 0.696305, 0.296625, 0.696305, 0.296625, 0, 0
23, 3300.00000, 0.696305, 0.296625, 0.696305, 0.296625, 0.696305, 0.296625, 0, 0
23, 3360.00000, 0.696305, 0.296625, 0.696305, 0.296625, 0.696305, 0.296625, 0, 0
23, 3420.00000, 0.696305, 0.296625, 0.696305, 0.296625, 0.696305, 0.296625, 0, 0
23, 3480.00000, 0.696305, 0.296625, 0.696305, 0.296625, 0.696305, 0.296625, 0, 0
23, 3540.00000, 0.696305, 0.296625, 0.696305, 0.296625, 0.696305, 0.296625, 0, 0
24, 0.00000, 0.696305, 0.296625, 0.696305, 0.296625, 0.696305, 0.296625, 0, 0
